id	pop	sex	FatherId	MotherId	Sex	nDMI	
3788	3	1	3649	3626	1.000000	1.000000	
3789	3	1	3651	3660	1.000000	0.750000	
3793	3	1	3614	3620	1.000000	0.750000	
3796	3	1	3651	3632	1.000000	0.250000	
3802	3	1	3628	3611	1.000000	1.250000	
3809	3	1	3608	3640	1.000000	1.000000	
3811	3	1	3643	3640	1.000000	0.500000	
3812	3	1	3653	3623	1.000000	1.000000	
3815	3	1	3614	3662	1.000000	2.000000	
3825	3	1	3641	3663	1.000000	1.750000	
3827	3	1	3636	3663	1.000000	0.750000	
3828	3	1	3650	3617	1.000000	0.750000	
3831	3	1	3661	3617	1.000000	0.000000	
3834	3	1	3622	3658	1.000000	1.500000	
3837	3	1	3653	3613	1.000000	1.500000	
3840	3	1	3653	3617	1.000000	1.250000	
3844	3	1	3664	3644	1.000000	1.000000	
3845	3	1	3622	3644	1.000000	0.500000	
id	pop	sex	FatherId	MotherId	Sex	nDMI	
3791	3	0	3633	3634	0.000000	1.250000	
3794	3	0	3607	3620	0.000000	0.750000	
3797	3	0	3622	3632	0.000000	1.000000	
3798	3	0	3633	3632	0.000000	0.500000	
3799	3	0	3643	3609	0.000000	1.000000	
3800	3	0	3628	3609	0.000000	0.000000	
3801	3	0	3656	3611	0.000000	1.250000	
3803	3	0	3622	3611	0.000000	2.500000	
3806	3	0	3606	3639	0.000000	0.750000	
3808	3	0	3655	3644	0.000000	1.500000	
3810	3	0	3664	3640	0.000000	0.500000	
3813	3	0	3643	3623	0.000000	1.250000	
3814	3	0	3616	3662	0.000000	0.750000	
3816	3	0	3661	3662	0.000000	0.000000	
3817	3	0	3606	3654	0.000000	0.500000	
3818	3	0	3616	3654	0.000000	1.000000	
3819	3	0	3622	3654	0.000000	0.750000	
3820	3	0	3664	3646	0.000000	0.750000	
3821	3	0	3621	3635	0.000000	1.750000	
3822	3	0	3656	3635	0.000000	0.750000	
3823	3	0	3656	3624	0.000000	1.250000	
3824	3	0	3664	3624	0.000000	0.750000	
3829	3	0	3636	3617	0.000000	0.500000	
3830	3	0	3647	3617	0.000000	0.500000	
3832	3	0	3636	3617	0.000000	0.250000	
3833	3	0	3622	3658	0.000000	1.000000	
3836	3	0	3633	3613	0.000000	1.000000	
3838	3	0	3643	3631	0.000000	2.500000	
3839	3	0	3647	3635	0.000000	1.750000	
3841	3	0	3633	3631	0.000000	0.750000	
3842	3	0	3607	3658	0.000000	0.750000	
3843	3	0	3622	3654	0.000000	1.000000	
id	pop	sex	FatherId	MotherId	Sex	nDMI	
3847	4	1	3715	3703	1.000000	0.500000	
3848	4	1	3691	3703	1.000000	0.250000	
3852	4	1	3671	3718	1.000000	0.750000	
3854	4	1	3671	3718	1.000000	0.750000	
3858	4	1	3676	3704	1.000000	0.250000	
3859	4	1	3717	3701	1.000000	1.500000	
3860	4	1	3691	3701	1.000000	0.750000	
3865	4	1	3721	3680	1.000000	0.750000	
3867	4	1	3699	3680	1.000000	1.000000	
3871	4	1	3670	3686	1.000000	0.750000	
3875	4	1	3671	3675	1.000000	0.500000	
3877	4	1	3692	3675	1.000000	1.750000	
3878	4	1	3695	3698	1.000000	1.000000	
3880	4	1	3700	3678	1.000000	1.250000	
3882	4	1	3671	3673	1.000000	1.250000	
3883	4	1	3671	3673	1.000000	1.000000	
3886	4	1	3681	3682	1.000000	0.500000	
3887	4	1	3695	3682	1.000000	0.500000	
3890	4	1	3710	3668	1.000000	1.000000	
3894	4	1	3666	3720	1.000000	1.000000	
3897	4	1	3717	3725	1.000000	0.750000	
3901	4	1	3691	3672	1.000000	0.500000	
3902	4	1	3706	3693	1.000000	1.000000	
3905	4	1	3681	3697	1.000000	1.000000	
id	pop	sex	FatherId	MotherId	Sex	nDMI	
3850	4	0	3666	3703	0.000000	0.750000	
3851	4	0	3696	3716	0.000000	0.500000	
3853	4	0	3721	3718	0.000000	0.750000	
3855	4	0	3715	3718	0.000000	0.250000	
3857	4	0	3696	3704	0.000000	0.750000	
3862	4	0	3671	3701	0.000000	0.750000	
3863	4	0	3670	3701	0.000000	0.000000	
3864	4	0	3671	3680	0.000000	0.750000	
3868	4	0	3691	3680	0.000000	0.000000	
3869	4	0	3699	3669	0.000000	1.250000	
3873	4	0	3695	3675	0.000000	1.000000	
3874	4	0	3685	3675	0.000000	0.500000	
3879	4	0	3708	3698	0.000000	1.250000	
3881	4	0	3696	3678	0.000000	0.250000	
3884	4	0	3671	3673	0.000000	1.500000	
3885	4	0	3690	3673	0.000000	0.500000	
3888	4	0	3715	3682	0.000000	0.000000	
3889	4	0	3710	3668	0.000000	1.250000	
3892	4	0	3692	3697	0.000000	2.250000	
3895	4	0	3715	3720	0.000000	0.250000	
3896	4	0	3681	3725	0.000000	0.750000	
3898	4	0	3670	3677	0.000000	1.000000	
3899	4	0	3676	3677	0.000000	0.000000	
3900	4	0	3666	3672	0.000000	2.000000	
3903	4	0	3714	3673	0.000000	1.000000	
3904	4	0	3714	3725	0.000000	0.000000	
id	pop	sex	FatherId	MotherId	Sex	nDMI	
3906	5	1	3737	3735	1.000000	0.250000	
3908	5	1	3779	3735	1.000000	1.750000	
3911	5	1	3741	3753	1.000000	1.750000	
3915	5	1	3732	3760	1.000000	0.750000	
3916	5	1	3741	3760	1.000000	1.250000	
3917	5	1	3747	3769	1.000000	1.000000	
3918	5	1	3741	3769	1.000000	1.000000	
3923	5	1	3748	3740	1.000000	0.750000	
3924	5	1	3763	3740	1.000000	1.250000	
3925	5	1	3758	3786	1.000000	0.250000	
3927	5	1	3747	3786	1.000000	1.500000	
3929	5	1	3739	3786	1.000000	0.250000	
3931	5	1	3742	3786	1.000000	0.500000	
3932	5	1	3751	3775	1.000000	2.000000	
3938	5	1	3755	3770	1.000000	0.750000	
3942	5	1	3730	3750	1.000000	1.250000	
3943	5	1	3762	3766	1.000000	0.500000	
3945	5	1	3771	3752	1.000000	1.500000	
3947	5	1	3751	3728	1.000000	1.250000	
3948	5	1	3726	3728	1.000000	0.250000	
3951	5	1	3748	3728	1.000000	1.000000	
3953	5	1	3748	3731	1.000000	0.250000	
3954	5	1	3781	3729	1.000000	0.500000	
3956	5	1	3763	3746	1.000000	1.500000	
3957	5	1	3737	3746	1.000000	0.000000	
3958	5	1	3779	3780	1.000000	1.500000	
3959	5	1	3726	3780	1.000000	0.000000	
3961	5	1	3748	3780	1.000000	1.000000	
id	pop	sex	FatherId	MotherId	Sex	nDMI	
3909	5	0	3755	3753	0.000000	1.000000	
3912	5	0	3781	3753	0.000000	1.250000	
3913	5	0	3781	3753	0.000000	0.000000	
3914	5	0	3779	3745	0.000000	1.000000	
3919	5	0	3771	3769	0.000000	0.750000	
3921	5	0	3768	3740	0.000000	0.000000	
3926	5	0	3755	3786	0.000000	1.250000	
3928	5	0	3759	3786	0.000000	0.750000	
3930	5	0	3785	3786	0.000000	0.500000	
3933	5	0	3726	3775	0.000000	0.000000	
3935	5	0	3739	3782	0.000000	0.750000	
3937	5	0	3732	3770	0.000000	0.500000	
3939	5	0	3755	3770	0.000000	1.000000	
3941	5	0	3774	3750	0.000000	0.750000	
3944	5	0	3732	3752	0.000000	1.000000	
3946	5	0	3730	3752	0.000000	1.750000	
3950	5	0	3777	3728	0.000000	1.750000	
3952	5	0	3739	3731	0.000000	0.250000	
3955	5	0	3785	3729	0.000000	1.750000	
3960	5	0	3781	3780	0.000000	0.750000	
3962	5	0	3748	3773	0.000000	1.250000	
3963	5	0	3774	3773	0.000000	2.000000	
