id	pop	sex	FatherId	MotherId	Sex	nDMI	
4304	3	1	4164	4156	1.000000	1.000000	
4305	3	1	4147	4156	1.000000	0.500000	
4308	3	1	4185	4181	1.000000	0.000000	
4309	3	1	4188	4181	1.000000	0.500000	
4310	3	1	4174	4169	1.000000	1.000000	
4319	3	1	4192	4143	1.000000	1.500000	
4322	3	1	4184	4138	1.000000	0.500000	
4323	3	1	4170	4190	1.000000	0.000000	
4331	3	1	4165	4160	1.000000	0.750000	
4332	3	1	4159	4160	1.000000	1.250000	
4333	3	1	4147	4142	1.000000	0.750000	
4334	3	1	4182	4142	1.000000	1.500000	
4338	3	1	4184	4186	1.000000	0.500000	
4340	3	1	4164	4153	1.000000	0.500000	
4345	3	1	4184	4161	1.000000	0.000000	
4347	3	1	4163	4161	1.000000	0.500000	
4348	3	1	4171	4161	1.000000	0.500000	
4350	3	1	4171	4177	1.000000	0.000000	
4351	3	1	4191	4177	1.000000	0.750000	
4353	3	1	4154	4137	1.000000	2.000000	
4355	3	1	4174	4149	1.000000	0.500000	
4356	3	1	4141	4153	1.000000	0.500000	
4360	3	1	4171	4146	1.000000	0.250000	
id	pop	sex	FatherId	MotherId	Sex	nDMI	
4306	3	0	4139	4181	0.000000	1.000000	
4311	3	0	4144	4149	0.000000	1.000000	
4312	3	0	4172	4149	0.000000	0.500000	
4314	3	0	4189	4152	0.000000	2.500000	
4317	3	0	4174	4152	0.000000	1.750000	
4318	3	0	4188	4143	0.000000	0.500000	
4320	3	0	4184	4143	0.000000	0.500000	
4321	3	0	4180	4138	0.000000	0.750000	
4324	3	0	4158	4173	0.000000	0.250000	
4325	3	0	4191	4173	0.000000	1.000000	
4326	3	0	4162	4176	0.000000	1.000000	
4328	3	0	4162	4137	0.000000	1.000000	
4329	3	0	4157	4137	0.000000	0.500000	
4330	3	0	4167	4160	0.000000	0.500000	
4335	3	0	4144	4142	0.000000	0.500000	
4339	3	0	4164	4178	0.000000	0.750000	
4341	3	0	4168	4140	0.000000	0.000000	
4342	3	0	4192	4140	0.000000	1.250000	
4344	3	0	4182	4161	0.000000	0.500000	
4346	3	0	4185	4161	0.000000	0.500000	
4349	3	0	4154	4161	0.000000	1.250000	
4352	3	0	4164	4156	0.000000	1.000000	
4354	3	0	4191	4177	0.000000	1.000000	
4357	3	0	4141	4140	0.000000	0.500000	
4358	3	0	4183	4140	0.000000	0.500000	
4359	3	0	4141	4140	0.000000	0.750000	
4361	3	0	4172	4190	0.000000	0.250000	
id	pop	sex	FatherId	MotherId	Sex	nDMI	
4364	4	1	4241	4204	1.000000	0.500000	
4369	4	1	4219	4212	1.000000	1.250000	
4371	4	1	4209	4243	1.000000	0.500000	
4373	4	1	4219	4243	1.000000	0.750000	
4374	4	1	4219	4243	1.000000	1.250000	
4376	4	1	4197	4208	1.000000	1.250000	
4380	4	1	4219	4205	1.000000	0.750000	
4381	4	1	4210	4240	1.000000	0.250000	
4382	4	1	4196	4240	1.000000	1.500000	
4384	4	1	4229	4221	1.000000	0.500000	
4385	4	1	4223	4242	1.000000	0.500000	
4386	4	1	4219	4242	1.000000	0.250000	
4387	4	1	4220	4242	1.000000	0.500000	
4388	4	1	4200	4234	1.000000	0.750000	
4391	4	1	4218	4230	1.000000	0.500000	
4394	4	1	4209	4225	1.000000	0.000000	
4395	4	1	4235	4206	1.000000	0.500000	
4399	4	1	4218	4213	1.000000	0.500000	
4402	4	1	4246	4231	1.000000	1.000000	
4404	4	1	4246	4231	1.000000	0.500000	
4406	4	1	4219	4240	1.000000	1.500000	
4408	4	1	4229	4243	1.000000	0.750000	
4410	4	1	4211	4202	1.000000	0.250000	
4412	4	1	4211	4225	1.000000	0.750000	
4414	4	1	4209	4245	1.000000	0.250000	
id	pop	sex	FatherId	MotherId	Sex	nDMI	
4362	4	0	4220	4244	0.000000	0.500000	
4363	4	0	4224	4202	0.000000	0.750000	
4365	4	0	4239	4195	0.000000	0.500000	
4366	4	0	4226	4195	0.000000	0.250000	
4367	4	0	4226	4195	0.000000	0.250000	
4368	4	0	4224	4214	0.000000	0.250000	
4372	4	0	4241	4243	0.000000	0.500000	
4375	4	0	4219	4243	0.000000	0.750000	
4377	4	0	4241	4208	0.000000	0.250000	
4378	4	0	4218	4208	0.000000	0.500000	
4383	4	0	4229	4207	0.000000	0.500000	
4389	4	0	4235	4230	0.000000	0.750000	
4390	4	0	4200	4230	0.000000	0.750000	
4392	4	0	4220	4230	0.000000	1.250000	
4393	4	0	4209	4225	0.000000	0.750000	
4396	4	0	4218	4203	0.000000	0.500000	
4397	4	0	4226	4198	0.000000	0.000000	
4398	4	0	4227	4198	0.000000	0.500000	
4401	4	0	4200	4213	0.000000	0.250000	
4403	4	0	4246	4231	0.000000	1.250000	
4405	4	0	4197	4193	0.000000	0.750000	
4407	4	0	4233	4243	0.000000	1.000000	
4411	4	0	4226	4202	0.000000	0.750000	
4413	4	0	4211	4245	0.000000	0.750000	
4416	4	0	4211	4203	0.000000	0.500000	
id	pop	sex	FatherId	MotherId	Sex	nDMI	
4417	5	1	4289	4302	1.000000	0.750000	
4418	5	1	4278	4302	1.000000	0.000000	
4419	5	1	4270	4294	1.000000	0.750000	
4421	5	1	4248	4259	1.000000	0.750000	
4422	5	1	4289	4259	1.000000	1.000000	
4426	5	1	4263	4272	1.000000	1.000000	
4427	5	1	4255	4271	1.000000	1.000000	
4429	5	1	4291	4290	1.000000	0.500000	
4432	5	1	4299	4293	1.000000	1.500000	
4433	5	1	4253	4293	1.000000	1.000000	
4434	5	1	4291	4269	1.000000	1.000000	
4435	5	1	4260	4269	1.000000	0.000000	
4436	5	1	4253	4269	1.000000	0.000000	
4437	5	1	4291	4269	1.000000	0.000000	
4438	5	1	4250	4252	1.000000	0.750000	
4439	5	1	4299	4252	1.000000	1.500000	
4441	5	1	4256	4266	1.000000	0.500000	
4442	5	1	4251	4266	1.000000	0.500000	
4445	5	1	4253	4296	1.000000	0.250000	
4447	5	1	4291	4279	1.000000	0.250000	
4449	5	1	4270	4281	1.000000	0.250000	
4451	5	1	4284	4273	1.000000	0.250000	
4452	5	1	4255	4286	1.000000	0.000000	
4453	5	1	4291	4286	1.000000	0.500000	
4455	5	1	4301	4277	1.000000	1.250000	
4457	5	1	4300	4280	1.000000	1.250000	
4458	5	1	4278	4280	1.000000	0.250000	
4459	5	1	4261	4268	1.000000	0.750000	
4461	5	1	4289	4249	1.000000	0.250000	
4462	5	1	4263	4249	1.000000	0.750000	
4464	5	1	4270	4249	1.000000	0.250000	
4465	5	1	4258	4249	1.000000	1.500000	
4467	5	1	4284	4271	1.000000	1.250000	
4468	5	1	4289	4277	1.000000	1.750000	
4470	5	1	4284	4273	1.000000	0.250000	
4471	5	1	4250	4286	1.000000	0.500000	
id	pop	sex	FatherId	MotherId	Sex	nDMI	
4423	5	0	4299	4259	0.000000	1.000000	
4424	5	0	4284	4259	0.000000	1.000000	
4425	5	0	4289	4259	0.000000	0.250000	
4428	5	0	4289	4271	0.000000	1.000000	
4430	5	0	4287	4292	0.000000	1.250000	
4440	5	0	4289	4298	0.000000	0.750000	
4444	5	0	4289	4266	0.000000	0.000000	
4446	5	0	4270	4279	0.000000	0.250000	
4450	5	0	4258	4281	0.000000	2.250000	
4456	5	0	4284	4277	0.000000	0.750000	
4460	5	0	4261	4262	0.000000	0.750000	
4463	5	0	4253	4249	0.000000	1.000000	
4466	5	0	4261	4267	0.000000	0.000000	
4469	5	0	4284	4273	0.000000	0.250000	
