id	pop	sex	FatherId	MotherId	Sex	nDMI	
3026	3	1	2861	2832	1.000000	0.750000	
3027	3	1	2839	2832	1.000000	0.500000	
3033	3	1	2841	2855	1.000000	1.000000	
3034	3	1	2831	2846	1.000000	0.250000	
3038	3	1	2856	2887	1.000000	1.500000	
3040	3	1	2865	2862	1.000000	0.750000	
3041	3	1	2830	2858	1.000000	1.250000	
3043	3	1	2831	2838	1.000000	0.750000	
3044	3	1	2861	2844	1.000000	1.250000	
3056	3	1	2849	2879	1.000000	0.500000	
3064	3	1	2881	2863	1.000000	0.500000	
3065	3	1	2861	2852	1.000000	2.000000	
3068	3	1	2861	2884	1.000000	1.750000	
3073	3	1	2831	2888	1.000000	1.500000	
3074	3	1	2856	2854	1.000000	1.500000	
3075	3	1	2856	2854	1.000000	1.000000	
3078	3	1	2868	2882	1.000000	2.000000	
3079	3	1	2857	2847	1.000000	2.250000	
3081	3	1	2841	2864	1.000000	0.250000	
3083	3	1	2836	2877	1.000000	1.500000	
id	pop	sex	FatherId	MotherId	Sex	nDMI	
3028	3	0	2840	2832	0.000000	1.000000	
3029	3	0	2841	2878	0.000000	2.000000	
3030	3	0	2868	2878	0.000000	1.750000	
3032	3	0	2881	2855	0.000000	1.750000	
3035	3	0	2830	2846	0.000000	0.500000	
3037	3	0	2875	2887	0.000000	1.250000	
3039	3	0	2875	2862	0.000000	2.250000	
3042	3	0	2875	2858	0.000000	1.000000	
3045	3	0	2872	2844	0.000000	1.000000	
3046	3	0	2867	2844	0.000000	0.250000	
3047	3	0	2861	2842	0.000000	0.750000	
3049	3	0	2875	2842	0.000000	1.000000	
3050	3	0	2849	2828	0.000000	1.250000	
3051	3	0	2865	2833	0.000000	1.250000	
3052	3	0	2839	2833	0.000000	1.000000	
3053	3	0	2839	2833	0.000000	0.000000	
3054	3	0	2857	2879	0.000000	1.500000	
3055	3	0	2840	2879	0.000000	1.250000	
3057	3	0	2840	2879	0.000000	0.750000	
3059	3	0	2885	2834	0.000000	1.000000	
3060	3	0	2872	2834	0.000000	1.250000	
3066	3	0	2861	2852	0.000000	1.250000	
3069	3	0	2839	2884	0.000000	0.500000	
3071	3	0	2856	2888	0.000000	0.750000	
3072	3	0	2856	2888	0.000000	1.000000	
3076	3	0	2849	2882	0.000000	1.750000	
3077	3	0	2857	2882	0.000000	1.500000	
3080	3	0	2857	2864	0.000000	1.750000	
3082	3	0	2827	2848	0.000000	1.000000	
3085	3	0	2841	2869	0.000000	1.000000	
id	pop	sex	FatherId	MotherId	Sex	nDMI	
3093	4	1	2898	2917	1.000000	1.750000	
3096	4	1	2948	2911	1.000000	1.250000	
3097	4	1	2926	2928	1.000000	0.750000	
3102	4	1	2918	2897	1.000000	0.250000	
3104	4	1	2944	2889	1.000000	0.750000	
3106	4	1	2926	2925	1.000000	1.000000	
3109	4	1	2918	2902	1.000000	0.500000	
3119	4	1	2943	2923	1.000000	1.750000	
3121	4	1	2942	2894	1.000000	1.000000	
3123	4	1	2944	2941	1.000000	1.000000	
3126	4	1	2908	2946	1.000000	2.250000	
3127	4	1	2949	2946	1.000000	1.750000	
3135	4	1	2909	2924	1.000000	0.750000	
3137	4	1	2918	2889	1.000000	1.250000	
3140	4	1	2943	2953	1.000000	0.500000	
3142	4	1	2949	2894	1.000000	0.750000	
3145	4	1	2952	2939	1.000000	0.250000	
3146	4	1	2949	2939	1.000000	0.500000	
3147	4	1	2926	2911	1.000000	2.250000	
3150	4	1	2900	2931	1.000000	2.000000	
3152	4	1	2896	2890	1.000000	0.250000	
3154	4	1	2948	2899	1.000000	1.250000	
id	pop	sex	FatherId	MotherId	Sex	nDMI	
3088	4	0	2900	2905	0.000000	2.750000	
3090	4	0	2906	2927	0.000000	0.750000	
3091	4	0	2952	2927	0.000000	1.000000	
3098	4	0	2936	2890	0.000000	1.000000	
3099	4	0	2948	2890	0.000000	0.000000	
3100	4	0	2898	2921	0.000000	0.750000	
3103	4	0	2895	2889	0.000000	0.500000	
3105	4	0	2952	2889	0.000000	1.500000	
3108	4	0	2918	2902	0.000000	0.750000	
3111	4	0	2947	2953	0.000000	1.500000	
3112	4	0	2918	2953	0.000000	1.500000	
3114	4	0	2896	2931	0.000000	1.000000	
3115	4	0	2947	2931	0.000000	1.750000	
3116	4	0	2908	2931	0.000000	1.250000	
3117	4	0	2943	2923	0.000000	1.750000	
3124	4	0	2943	2892	0.000000	0.500000	
3125	4	0	2929	2946	0.000000	0.500000	
3128	4	0	2926	2946	0.000000	1.000000	
3129	4	0	2895	2916	0.000000	1.000000	
3131	4	0	2904	2930	0.000000	0.750000	
3132	4	0	2948	2930	0.000000	0.500000	
3133	4	0	2909	2930	0.000000	1.000000	
3136	4	0	2896	2924	0.000000	1.250000	
3141	4	0	2904	2924	0.000000	1.000000	
3143	4	0	2936	2890	0.000000	0.750000	
3148	4	0	2904	2907	0.000000	1.750000	
3151	4	0	2932	2953	0.000000	1.750000	
3153	4	0	2918	2890	0.000000	0.750000	
id	pop	sex	FatherId	MotherId	Sex	nDMI	
3155	5	1	2968	2985	1.000000	0.750000	
3156	5	1	3001	2985	1.000000	0.000000	
3157	5	1	3022	2982	1.000000	1.250000	
3163	5	1	2968	3014	1.000000	1.000000	
3167	5	1	2959	3007	1.000000	1.000000	
3168	5	1	2957	3006	1.000000	1.000000	
3170	5	1	3001	2999	1.000000	0.750000	
3176	5	1	2966	2972	1.000000	1.000000	
3177	5	1	3019	2972	1.000000	0.500000	
3182	5	1	3002	3015	1.000000	1.000000	
3184	5	1	2979	2971	1.000000	0.750000	
3185	5	1	3000	2963	1.000000	2.250000	
3186	5	1	3023	2981	1.000000	1.750000	
3188	5	1	3019	2961	1.000000	0.250000	
3193	5	1	3010	2967	1.000000	0.750000	
3194	5	1	2968	2967	1.000000	0.750000	
3195	5	1	2968	2956	1.000000	0.750000	
3199	5	1	3019	2981	1.000000	1.250000	
3204	5	1	3002	2976	1.000000	1.500000	
3205	5	1	3001	3014	1.000000	0.000000	
3209	5	1	3002	2963	1.000000	1.250000	
3215	5	1	3000	2974	1.000000	1.500000	
3218	5	1	2994	2982	1.000000	1.250000	
3222	5	1	3001	3008	1.000000	1.000000	
3223	5	1	2964	3007	1.000000	0.500000	
id	pop	sex	FatherId	MotherId	Sex	nDMI	
3158	5	0	3001	2982	0.000000	1.000000	
3164	5	0	2964	2976	0.000000	1.500000	
3165	5	0	2966	2976	0.000000	1.000000	
3171	5	0	2978	2999	0.000000	1.000000	
3172	5	0	3001	2999	0.000000	1.000000	
3174	5	0	2978	3016	0.000000	1.000000	
3178	5	0	3001	2972	0.000000	1.000000	
3179	5	0	2978	2993	0.000000	1.500000	
3180	5	0	2957	2993	0.000000	1.250000	
3189	5	0	2978	2961	0.000000	0.750000	
3197	5	0	3022	2993	0.000000	1.000000	
3200	5	0	3010	2984	0.000000	0.500000	
3201	5	0	3001	2997	0.000000	1.250000	
3202	5	0	3004	2992	0.000000	1.500000	
3203	5	0	2978	2983	0.000000	1.500000	
3206	5	0	3023	3015	0.000000	1.250000	
3207	5	0	3000	3015	0.000000	0.750000	
3208	5	0	3000	3016	0.000000	0.750000	
3210	5	0	3001	2999	0.000000	0.750000	
3213	5	0	2968	2984	0.000000	1.000000	
3214	5	0	2979	3017	0.000000	0.750000	
3216	5	0	2968	2974	0.000000	1.250000	
3217	5	0	3000	2982	0.000000	2.250000	
3219	5	0	3023	2971	0.000000	0.500000	
3220	5	0	3000	2998	0.000000	0.500000	
