id	pop	sex	FatherId	MotherId	Sex	nDMI	
3228	3	1	3034	3054	1.000000	0.750000	
3231	3	1	3064	3059	1.000000	2.000000	
3233	3	1	3081	3029	1.000000	1.250000	
3236	3	1	3078	3049	1.000000	0.750000	
3237	3	1	3038	3060	1.000000	0.750000	
3239	3	1	3074	3060	1.000000	1.750000	
3242	3	1	3065	3053	1.000000	1.250000	
3247	3	1	3081	3046	1.000000	0.250000	
3249	3	1	3034	3072	1.000000	1.000000	
3250	3	1	3083	3072	1.000000	2.250000	
3251	3	1	3068	3072	1.000000	0.750000	
3254	3	1	3026	3030	1.000000	0.250000	
3255	3	1	3034	3077	1.000000	0.500000	
3256	3	1	3033	3077	1.000000	1.000000	
3257	3	1	3068	3077	1.000000	1.500000	
3261	3	1	3068	3066	1.000000	1.250000	
3263	3	1	3044	3042	1.000000	0.500000	
3265	3	1	3038	3085	1.000000	2.250000	
3268	3	1	3078	3050	1.000000	0.750000	
3270	3	1	3027	3037	1.000000	1.500000	
3271	3	1	3083	3035	1.000000	0.500000	
3273	3	1	3034	3080	1.000000	0.750000	
3274	3	1	3073	3053	1.000000	1.500000	
3275	3	1	3074	3035	1.000000	1.000000	
3277	3	1	3065	3046	1.000000	1.000000	
3278	3	1	3043	3049	1.000000	1.000000	
3279	3	1	3034	3072	1.000000	0.500000	
3281	3	1	3040	3045	1.000000	1.250000	
3283	3	1	3075	3035	1.000000	1.000000	
3286	3	1	3033	3046	1.000000	0.750000	
id	pop	sex	FatherId	MotherId	Sex	nDMI	
3224	3	0	3083	3028	0.000000	1.250000	
3227	3	0	3081	3054	0.000000	1.000000	
3229	3	0	3078	3059	0.000000	2.000000	
3230	3	0	3034	3059	0.000000	0.250000	
3235	3	0	3079	3032	0.000000	2.250000	
3238	3	0	3075	3060	0.000000	1.500000	
3244	3	0	3081	3053	0.000000	0.250000	
3245	3	0	3073	3053	0.000000	0.750000	
3246	3	0	3079	3053	0.000000	1.000000	
3253	3	0	3044	3030	0.000000	1.250000	
3259	3	0	3027	3039	0.000000	0.750000	
3262	3	0	3056	3066	0.000000	1.000000	
3264	3	0	3044	3042	0.000000	1.500000	
3266	3	0	3068	3055	0.000000	2.000000	
3267	3	0	3033	3055	0.000000	1.500000	
3276	3	0	3044	3052	0.000000	0.750000	
3280	3	0	3074	3069	0.000000	1.500000	
3282	3	0	3034	3051	0.000000	0.500000	
3284	3	0	3078	3032	0.000000	1.750000	
3285	3	0	3079	3085	0.000000	1.000000	
id	pop	sex	FatherId	MotherId	Sex	nDMI	
3287	4	1	3146	3115	1.000000	1.000000	
3288	4	1	3150	3115	1.000000	1.500000	
3289	4	1	3152	3115	1.000000	1.250000	
3291	4	1	3140	3114	1.000000	1.000000	
3292	4	1	3140	3114	1.000000	0.750000	
3296	4	1	3152	3151	1.000000	0.250000	
3301	4	1	3127	3153	1.000000	1.250000	
3306	4	1	3140	3111	1.000000	0.750000	
3307	4	1	3154	3111	1.000000	1.000000	
3308	4	1	3102	3111	1.000000	1.000000	
3310	4	1	3154	3090	1.000000	0.500000	
3312	4	1	3137	3117	1.000000	1.750000	
3315	4	1	3102	3105	1.000000	1.250000	
3316	4	1	3150	3131	1.000000	2.000000	
3319	4	1	3147	3124	1.000000	1.500000	
3321	4	1	3106	3128	1.000000	1.250000	
3322	4	1	3135	3088	1.000000	2.000000	
3329	4	1	3152	3148	1.000000	1.000000	
3335	4	1	3093	3125	1.000000	0.500000	
3337	4	1	3146	3133	1.000000	1.000000	
3345	4	1	3146	3148	1.000000	1.000000	
3348	4	1	3137	3091	1.000000	1.250000	
3350	4	1	3142	3088	1.000000	2.250000	
3351	4	1	3146	3128	1.000000	0.500000	
3352	4	1	3142	3128	1.000000	0.500000	
3353	4	1	3140	3136	1.000000	1.000000	
id	pop	sex	FatherId	MotherId	Sex	nDMI	
3294	4	0	3154	3114	0.000000	1.000000	
3297	4	0	3121	3098	0.000000	0.500000	
3298	4	0	3142	3153	0.000000	1.250000	
3299	4	0	3102	3153	0.000000	0.500000	
3300	4	0	3127	3153	0.000000	1.500000	
3302	4	0	3109	3108	0.000000	1.000000	
3303	4	0	3154	3108	0.000000	0.750000	
3304	4	0	3097	3116	0.000000	2.000000	
3309	4	0	3137	3090	0.000000	1.500000	
3311	4	0	3121	3132	0.000000	0.500000	
3314	4	0	3123	3091	0.000000	2.500000	
3317	4	0	3147	3143	0.000000	1.750000	
3320	4	0	3121	3128	0.000000	1.000000	
3324	4	0	3104	3103	0.000000	0.250000	
3332	4	0	3104	3129	0.000000	0.750000	
3333	4	0	3140	3100	0.000000	1.000000	
3334	4	0	3119	3125	0.000000	1.250000	
3336	4	0	3137	3133	0.000000	1.750000	
3339	4	0	3097	3133	0.000000	1.000000	
3340	4	0	3146	3133	0.000000	1.500000	
3342	4	0	3137	3099	0.000000	0.500000	
3343	4	0	3106	3129	0.000000	0.500000	
3344	4	0	3145	3151	0.000000	1.500000	
3349	4	0	3106	3114	0.000000	1.250000	
id	pop	sex	FatherId	MotherId	Sex	nDMI	
3355	5	1	3204	3207	1.000000	1.000000	
3356	5	1	3167	3219	1.000000	0.750000	
3359	5	1	3194	3208	1.000000	1.000000	
3362	5	1	3167	3202	1.000000	0.500000	
3364	5	1	3156	3203	1.000000	0.750000	
3367	5	1	3223	3220	1.000000	0.250000	
3370	5	1	3168	3213	1.000000	1.250000	
3372	5	1	3193	3206	1.000000	0.750000	
3374	5	1	3218	3206	1.000000	0.500000	
3379	5	1	3184	3179	1.000000	1.750000	
3385	5	1	3195	3189	1.000000	0.500000	
3386	5	1	3199	3174	1.000000	1.000000	
3387	5	1	3184	3174	1.000000	0.750000	
3388	5	1	3184	3174	1.000000	1.000000	
3389	5	1	3185	3174	1.000000	1.000000	
3390	5	1	3215	3172	1.000000	1.250000	
3392	5	1	3223	3180	1.000000	0.750000	
3395	5	1	3170	3214	1.000000	0.250000	
3396	5	1	3182	3214	1.000000	1.000000	
3397	5	1	3209	3197	1.000000	1.500000	
3398	5	1	3218	3208	1.000000	1.500000	
3400	5	1	3185	3174	1.000000	1.250000	
3407	5	1	3193	3201	1.000000	1.000000	
3409	5	1	3218	3206	1.000000	2.250000	
3413	5	1	3184	3207	1.000000	0.250000	
id	pop	sex	FatherId	MotherId	Sex	nDMI	
3354	5	0	3167	3207	0.000000	0.750000	
3357	5	0	3193	3219	0.000000	0.250000	
3360	5	0	3195	3208	0.000000	0.000000	
3361	5	0	3218	3165	0.000000	0.750000	
3363	5	0	3156	3202	0.000000	1.250000	
3368	5	0	3184	3178	0.000000	0.250000	
3369	5	0	3222	3213	0.000000	0.750000	
3373	5	0	3168	3206	0.000000	2.250000	
3375	5	0	3195	3216	0.000000	0.500000	
3376	5	0	3194	3164	0.000000	1.000000	
3380	5	0	3182	3158	0.000000	1.500000	
3382	5	0	3176	3158	0.000000	1.250000	
3384	5	0	3184	3189	0.000000	0.500000	
3391	5	0	3205	3172	0.000000	1.250000	
3393	5	0	3182	3201	0.000000	2.000000	
3399	5	0	3199	3201	0.000000	1.500000	
3402	5	0	3194	3217	0.000000	2.250000	
3404	5	0	3185	3180	0.000000	2.000000	
3405	5	0	3222	3219	0.000000	0.750000	
3406	5	0	3163	3189	0.000000	0.000000	
3408	5	0	3176	3206	0.000000	0.750000	
3411	5	0	3193	3220	0.000000	1.250000	
3412	5	0	3157	3174	0.000000	0.500000	
3414	5	0	3182	3158	0.000000	1.750000	
3415	5	0	3209	3158	0.000000	1.500000	
