id	pop	sex	FatherId	MotherId	Sex	nDMI	
2396	3	1	2202	2186	1.000000	2.250000	
2398	3	1	2187	2162	1.000000	1.750000	
2402	3	1	2224	2155	1.000000	1.750000	
2403	3	1	2163	2203	1.000000	1.000000	
2405	3	1	2191	2216	1.000000	2.000000	
2407	3	1	2230	2154	1.000000	0.500000	
2411	3	1	2185	2194	1.000000	1.250000	
2416	3	1	2168	2169	1.000000	1.750000	
2419	3	1	2220	2193	1.000000	2.250000	
2420	3	1	2163	2193	1.000000	1.000000	
2421	3	1	2184	2222	1.000000	1.500000	
2425	3	1	2159	2189	1.000000	0.500000	
2429	3	1	2172	2204	1.000000	1.000000	
2433	3	1	2178	2198	1.000000	2.000000	
2435	3	1	2196	2155	1.000000	1.250000	
2439	3	1	2207	2216	1.000000	1.750000	
2444	3	1	2156	2162	1.000000	1.500000	
2446	3	1	2159	2162	1.000000	1.750000	
2447	3	1	2199	2180	1.000000	1.250000	
2448	3	1	2166	2180	1.000000	0.750000	
2450	3	1	2207	2204	1.000000	1.000000	
2451	3	1	2220	2204	1.000000	2.000000	
2452	3	1	2188	2210	1.000000	1.000000	
2453	3	1	2172	2210	1.000000	1.250000	
2462	3	1	2156	2209	1.000000	1.500000	
2472	3	1	2202	2189	1.000000	1.250000	
2473	3	1	2172	2158	1.000000	2.000000	
id	pop	sex	FatherId	MotherId	Sex	nDMI	
2397	3	0	2185	2162	0.000000	1.750000	
2404	3	0	2202	2203	0.000000	1.750000	
2406	3	0	2191	2226	0.000000	0.250000	
2409	3	0	2207	2192	0.000000	1.000000	
2413	3	0	2202	2209	0.000000	2.500000	
2414	3	0	2179	2208	0.000000	1.000000	
2423	3	0	2196	2157	0.000000	0.750000	
2427	3	0	2172	2158	0.000000	1.750000	
2428	3	0	2184	2204	0.000000	1.500000	
2434	3	0	2166	2198	0.000000	0.750000	
2436	3	0	2156	2155	0.000000	0.500000	
2443	3	0	2166	2203	0.000000	1.250000	
2458	3	0	2202	2212	0.000000	1.750000	
2459	3	0	2168	2212	0.000000	0.250000	
2461	3	0	2191	2164	0.000000	0.750000	
2463	3	0	2217	2209	0.000000	1.000000	
2464	3	0	2196	2177	0.000000	2.250000	
2467	3	0	2178	2186	0.000000	1.250000	
2468	3	0	2196	2204	0.000000	1.750000	
2469	3	0	2220	2171	0.000000	0.750000	
2470	3	0	2187	2189	0.000000	0.500000	
2471	3	0	2178	2189	0.000000	1.000000	
2475	3	0	2172	2211	0.000000	1.750000	
id	pop	sex	FatherId	MotherId	Sex	nDMI	
2476	4	1	2301	2274	1.000000	1.000000	
2479	4	1	2271	2298	1.000000	0.750000	
2482	4	1	2283	2285	1.000000	1.750000	
2483	4	1	2283	2272	1.000000	2.750000	
2492	4	1	2291	2251	1.000000	0.750000	
2497	4	1	2250	2302	1.000000	1.500000	
2501	4	1	2256	2242	1.000000	0.750000	
2504	4	1	2273	2282	1.000000	0.250000	
2511	4	1	2257	2286	1.000000	2.000000	
2512	4	1	2283	2286	1.000000	0.750000	
2517	4	1	2280	2267	1.000000	1.500000	
2524	4	1	2239	2298	1.000000	1.000000	
2529	4	1	2283	2246	1.000000	0.750000	
2532	4	1	2236	2287	1.000000	2.000000	
2538	4	1	2268	2244	1.000000	2.000000	
2541	4	1	2236	2290	1.000000	1.750000	
2544	4	1	2304	2302	1.000000	1.000000	
2546	4	1	2234	2293	1.000000	1.500000	
2549	4	1	2243	2246	1.000000	1.250000	
2550	4	1	2243	2251	1.000000	1.250000	
2552	4	1	2299	2285	1.000000	1.000000	
2553	4	1	2268	2264	1.000000	2.250000	
id	pop	sex	FatherId	MotherId	Sex	nDMI	
2481	4	0	2271	2285	0.000000	1.750000	
2490	4	0	2268	2263	0.000000	1.750000	
2491	4	0	2234	2251	0.000000	1.500000	
2493	4	0	2248	2251	0.000000	1.750000	
2495	4	0	2234	2266	0.000000	2.000000	
2496	4	0	2273	2290	0.000000	0.250000	
2499	4	0	2301	2242	0.000000	1.500000	
2500	4	0	2236	2242	0.000000	1.250000	
2505	4	0	2257	2269	0.000000	2.000000	
2507	4	0	2243	2293	0.000000	1.000000	
2508	4	0	2301	2264	0.000000	1.500000	
2510	4	0	2234	2275	0.000000	1.250000	
2514	4	0	2256	2286	0.000000	1.500000	
2515	4	0	2254	2296	0.000000	2.250000	
2520	4	0	2283	2285	0.000000	2.250000	
2522	4	0	2268	2274	0.000000	1.750000	
2523	4	0	2237	2269	0.000000	1.000000	
2525	4	0	2236	2275	0.000000	0.750000	
2527	4	0	2257	2272	0.000000	1.500000	
2536	4	0	2304	2253	0.000000	0.000000	
2539	4	0	2235	2244	0.000000	2.250000	
2542	4	0	2250	2269	0.000000	1.750000	
2543	4	0	2236	2269	0.000000	1.500000	
2545	4	0	2260	2287	0.000000	1.750000	
2548	4	0	2245	2246	0.000000	1.500000	
2551	4	0	2248	2282	0.000000	1.250000	
2554	4	0	2283	2296	0.000000	0.750000	
2556	4	0	2257	2302	0.000000	1.250000	
id	pop	sex	FatherId	MotherId	Sex	nDMI	
2568	5	1	2376	2335	1.000000	1.500000	
2569	5	1	2313	2392	1.000000	1.000000	
2570	5	1	2308	2350	1.000000	1.750000	
2576	5	1	2347	2332	1.000000	1.000000	
2583	5	1	2312	2328	1.000000	2.000000	
2590	5	1	2357	2354	1.000000	1.000000	
2592	5	1	2375	2354	1.000000	1.500000	
2597	5	1	2330	2309	1.000000	1.750000	
2602	5	1	2325	2317	1.000000	0.750000	
2608	5	1	2308	2355	1.000000	0.500000	
2609	5	1	2358	2316	1.000000	1.500000	
2612	5	1	2325	2345	1.000000	1.750000	
2615	5	1	2357	2339	1.000000	1.000000	
2616	5	1	2325	2339	1.000000	2.250000	
2620	5	1	2366	2316	1.000000	1.250000	
2622	5	1	2384	2328	1.000000	1.000000	
2628	5	1	2347	2355	1.000000	0.750000	
2631	5	1	2375	2377	1.000000	1.750000	
2632	5	1	2357	2373	1.000000	1.000000	
2634	5	1	2347	2345	1.000000	1.750000	
id	pop	sex	FatherId	MotherId	Sex	nDMI	
2565	5	0	2394	2311	0.000000	3.000000	
2572	5	0	2371	2350	0.000000	2.000000	
2573	5	0	2384	2386	0.000000	1.250000	
2574	5	0	2376	2332	0.000000	0.750000	
2575	5	0	2323	2332	0.000000	1.500000	
2579	5	0	2376	2379	0.000000	0.750000	
2581	5	0	2333	2328	0.000000	1.250000	
2582	5	0	2327	2328	0.000000	1.750000	
2584	5	0	2330	2356	0.000000	2.250000	
2586	5	0	2393	2356	0.000000	1.750000	
2587	5	0	2376	2373	0.000000	0.750000	
2593	5	0	2371	2354	0.000000	2.000000	
2595	5	0	2334	2354	0.000000	0.750000	
2598	5	0	2312	2309	0.000000	1.500000	
2599	5	0	2376	2317	0.000000	0.500000	
2600	5	0	2352	2317	0.000000	2.000000	
2603	5	0	2388	2317	0.000000	2.000000	
2605	5	0	2312	2355	0.000000	0.500000	
2606	5	0	2307	2355	0.000000	0.500000	
2607	5	0	2330	2355	0.000000	1.500000	
2610	5	0	2326	2361	0.000000	1.750000	
2611	5	0	2343	2345	0.000000	1.000000	
2614	5	0	2333	2373	0.000000	1.000000	
2618	5	0	2313	2345	0.000000	0.500000	
2619	5	0	2325	2309	0.000000	2.250000	
2623	5	0	2347	2320	0.000000	2.250000	
2626	5	0	2334	2317	0.000000	1.750000	
2629	5	0	2333	2379	0.000000	1.750000	
2635	5	0	2388	2309	0.000000	2.000000	
2638	5	0	2363	2306	0.000000	1.750000	
