2482	3	1	2345	2333	-1	-1	-1	-1	-1	-1	Ab	4.000000	-1	-1	-1	-1	-1	-1	-1	-1	-1	-1	-1	-1	-1	-1	-1	Sm	1.000000	-1	-1	-1	
2482	3	1	2345	2333	-1	-1	-1	-1	-1	-1	Ab	4.000000	-1	-1	-1	-1	-1	-1	-1	-1	-1	-1	-1	-1	-1	-1	-1	sb	0.000000	-1	-1	-1	
2484	3	1	2332	2363	-1	-1	-1	-1	-1	-1	Ab	4.000000	-1	-1	-1	-1	-1	-1	-1	-1	-1	-1	-1	-1	-1	-1	-1	Sm	1.000000	-1	-1	-1	
2484	3	1	2332	2363	-1	-1	-1	-1	-1	-1	Ab	4.000000	-1	-1	-1	-1	-1	-1	-1	-1	-1	-1	-1	-1	-1	-1	-1	sb	0.000000	-1	-1	-1	
2485	3	1	2369	2363	-1	-1	-1	-1	-1	-1	am	1.000000	-1	-1	-1	-1	-1	-1	-1	-1	-1	-1	-1	-1	-1	-1	-1	Sm	1.000000	-1	-1	-1	
2485	3	1	2369	2363	-1	-1	-1	-1	-1	-1	Ab	4.000000	-1	-1	-1	-1	-1	-1	-1	-1	-1	-1	-1	-1	-1	-1	-1	sb	0.000000	-1	-1	-1	
2486	3	1	2332	2357	-1	-1	-1	-1	-1	-1	Ab	4.000000	-1	-1	-1	-1	-1	-1	-1	-1	-1	-1	-1	-1	-1	-1	-1	Sm	1.000000	-1	-1	-1	
2486	3	1	2332	2357	-1	-1	-1	-1	-1	-1	Ab	4.000000	-1	-1	-1	-1	-1	-1	-1	-1	-1	-1	-1	-1	-1	-1	-1	sb	0.000000	-1	-1	-1	
2488	3	1	2345	2366	-1	-1	-1	-1	-1	-1	Ab	4.000000	-1	-1	-1	-1	-1	-1	-1	-1	-1	-1	-1	-1	-1	-1	-1	Sm	1.000000	-1	-1	-1	
2488	3	1	2345	2366	-1	-1	-1	-1	-1	-1	Ab	4.000000	-1	-1	-1	-1	-1	-1	-1	-1	-1	-1	-1	-1	-1	-1	-1	sb	0.000000	-1	-1	-1	
2490	3	1	2331	2373	-1	-1	-1	-1	-1	-1	Ab	4.000000	-1	-1	-1	-1	-1	-1	-1	-1	-1	-1	-1	-1	-1	-1	-1	Sm	1.000000	-1	-1	-1	
2490	3	1	2331	2373	-1	-1	-1	-1	-1	-1	Ab	4.000000	-1	-1	-1	-1	-1	-1	-1	-1	-1	-1	-1	-1	-1	-1	-1	sb	0.000000	-1	-1	-1	
2492	3	1	2360	2342	-1	-1	-1	-1	-1	-1	Ab	4.000000	-1	-1	-1	-1	-1	-1	-1	-1	-1	-1	-1	-1	-1	-1	-1	Sm	1.000000	-1	-1	-1	
2492	3	1	2360	2342	-1	-1	-1	-1	-1	-1	Ab	4.000000	-1	-1	-1	-1	-1	-1	-1	-1	-1	-1	-1	-1	-1	-1	-1	sb	0.000000	-1	-1	-1	
2493	3	1	2361	2368	-1	-1	-1	-1	-1	-1	Ab	4.000000	-1	-1	-1	-1	-1	-1	-1	-1	-1	-1	-1	-1	-1	-1	-1	Sm	1.000000	-1	-1	-1	
2493	3	1	2361	2368	-1	-1	-1	-1	-1	-1	Ab	4.000000	-1	-1	-1	-1	-1	-1	-1	-1	-1	-1	-1	-1	-1	-1	-1	sm	0.000000	-1	-1	-1	
2494	3	1	2369	2376	-1	-1	-1	-1	-1	-1	am	1.000000	-1	-1	-1	-1	-1	-1	-1	-1	-1	-1	-1	-1	-1	-1	-1	Sm	1.000000	-1	-1	-1	
2494	3	1	2369	2376	-1	-1	-1	-1	-1	-1	Ab	4.000000	-1	-1	-1	-1	-1	-1	-1	-1	-1	-1	-1	-1	-1	-1	-1	sb	0.000000	-1	-1	-1	
2498	3	1	2369	2365	-1	-1	-1	-1	-1	-1	Ab	4.000000	-1	-1	-1	-1	-1	-1	-1	-1	-1	-1	-1	-1	-1	-1	-1	Sm	1.000000	-1	-1	-1	
2498	3	1	2369	2365	-1	-1	-1	-1	-1	-1	Ab	4.000000	-1	-1	-1	-1	-1	-1	-1	-1	-1	-1	-1	-1	-1	-1	-1	sb	0.000000	-1	-1	-1	
2501	3	1	2340	2344	-1	-1	-1	-1	-1	-1	Ab	4.000000	-1	-1	-1	-1	-1	-1	-1	-1	-1	-1	-1	-1	-1	-1	-1	Sm	1.000000	-1	-1	-1	
2501	3	1	2340	2344	-1	-1	-1	-1	-1	-1	am	1.000000	-1	-1	-1	-1	-1	-1	-1	-1	-1	-1	-1	-1	-1	-1	-1	sb	0.000000	-1	-1	-1	
2504	3	1	2378	2379	-1	-1	-1	-1	-1	-1	am	1.000000	-1	-1	-1	-1	-1	-1	-1	-1	-1	-1	-1	-1	-1	-1	-1	Sm	1.000000	-1	-1	-1	
2504	3	1	2378	2379	-1	-1	-1	-1	-1	-1	Ab	4.000000	-1	-1	-1	-1	-1	-1	-1	-1	-1	-1	-1	-1	-1	-1	-1	sb	0.000000	-1	-1	-1	
2509	3	1	2331	2341	-1	-1	-1	-1	-1	-1	Ab	4.000000	-1	-1	-1	-1	-1	-1	-1	-1	-1	-1	-1	-1	-1	-1	-1	Sm	1.000000	-1	-1	-1	
2509	3	1	2331	2341	-1	-1	-1	-1	-1	-1	Ab	4.000000	-1	-1	-1	-1	-1	-1	-1	-1	-1	-1	-1	-1	-1	-1	-1	sb	0.000000	-1	-1	-1	
2513	3	1	2340	2352	-1	-1	-1	-1	-1	-1	Ab	4.000000	-1	-1	-1	-1	-1	-1	-1	-1	-1	-1	-1	-1	-1	-1	-1	Sm	1.000000	-1	-1	-1	
2513	3	1	2340	2352	-1	-1	-1	-1	-1	-1	Ab	4.000000	-1	-1	-1	-1	-1	-1	-1	-1	-1	-1	-1	-1	-1	-1	-1	sb	0.000000	-1	-1	-1	
2516	3	1	2340	2380	-1	-1	-1	-1	-1	-1	Ab	4.000000	-1	-1	-1	-1	-1	-1	-1	-1	-1	-1	-1	-1	-1	-1	-1	Sm	1.000000	-1	-1	-1	
2516	3	1	2340	2380	-1	-1	-1	-1	-1	-1	Ab	4.000000	-1	-1	-1	-1	-1	-1	-1	-1	-1	-1	-1	-1	-1	-1	-1	sb	0.000000	-1	-1	-1	
2519	3	1	2378	2380	-1	-1	-1	-1	-1	-1	am	1.000000	-1	-1	-1	-1	-1	-1	-1	-1	-1	-1	-1	-1	-1	-1	-1	Sm	1.000000	-1	-1	-1	
2519	3	1	2378	2380	-1	-1	-1	-1	-1	-1	Ab	4.000000	-1	-1	-1	-1	-1	-1	-1	-1	-1	-1	-1	-1	-1	-1	-1	sb	0.000000	-1	-1	-1	
2520	3	1	2336	2354	-1	-1	-1	-1	-1	-1	Ab	4.000000	-1	-1	-1	-1	-1	-1	-1	-1	-1	-1	-1	-1	-1	-1	-1	Sm	1.000000	-1	-1	-1	
2520	3	1	2336	2354	-1	-1	-1	-1	-1	-1	Ab	4.000000	-1	-1	-1	-1	-1	-1	-1	-1	-1	-1	-1	-1	-1	-1	-1	sb	0.000000	-1	-1	-1	
2521	3	1	2378	2354	-1	-1	-1	-1	-1	-1	am	1.000000	-1	-1	-1	-1	-1	-1	-1	-1	-1	-1	-1	-1	-1	-1	-1	Sm	1.000000	-1	-1	-1	
2521	3	1	2378	2354	-1	-1	-1	-1	-1	-1	Ab	4.000000	-1	-1	-1	-1	-1	-1	-1	-1	-1	-1	-1	-1	-1	-1	-1	sb	0.000000	-1	-1	-1	
2522	3	1	2364	2354	-1	-1	-1	-1	-1	-1	Ab	4.000000	-1	-1	-1	-1	-1	-1	-1	-1	-1	-1	-1	-1	-1	-1	-1	Sm	1.000000	-1	-1	-1	
2522	3	1	2364	2354	-1	-1	-1	-1	-1	-1	Ab	4.000000	-1	-1	-1	-1	-1	-1	-1	-1	-1	-1	-1	-1	-1	-1	-1	sb	0.000000	-1	-1	-1	
2523	3	1	2340	2347	-1	-1	-1	-1	-1	-1	Ab	4.000000	-1	-1	-1	-1	-1	-1	-1	-1	-1	-1	-1	-1	-1	-1	-1	Sm	1.000000	-1	-1	-1	
2523	3	1	2340	2347	-1	-1	-1	-1	-1	-1	Ab	4.000000	-1	-1	-1	-1	-1	-1	-1	-1	-1	-1	-1	-1	-1	-1	-1	sm	0.000000	-1	-1	-1	
2524	3	1	2337	2347	-1	-1	-1	-1	-1	-1	Ab	4.000000	-1	-1	-1	-1	-1	-1	-1	-1	-1	-1	-1	-1	-1	-1	-1	Sm	1.000000	-1	-1	-1	
2524	3	1	2337	2347	-1	-1	-1	-1	-1	-1	am	1.000000	-1	-1	-1	-1	-1	-1	-1	-1	-1	-1	-1	-1	-1	-1	-1	sm	0.000000	-1	-1	-1	
2525	3	1	2334	2375	-1	-1	-1	-1	-1	-1	Ab	4.000000	-1	-1	-1	-1	-1	-1	-1	-1	-1	-1	-1	-1	-1	-1	-1	Sm	1.000000	-1	-1	-1	
2525	3	1	2334	2375	-1	-1	-1	-1	-1	-1	Ab	4.000000	-1	-1	-1	-1	-1	-1	-1	-1	-1	-1	-1	-1	-1	-1	-1	sb	0.000000	-1	-1	-1	
2528	3	1	2364	2370	-1	-1	-1	-1	-1	-1	Ab	4.000000	-1	-1	-1	-1	-1	-1	-1	-1	-1	-1	-1	-1	-1	-1	-1	Sm	1.000000	-1	-1	-1	
2528	3	1	2364	2370	-1	-1	-1	-1	-1	-1	am	1.000000	-1	-1	-1	-1	-1	-1	-1	-1	-1	-1	-1	-1	-1	-1	-1	sb	0.000000	-1	-1	-1	
2529	3	1	2381	2354	-1	-1	-1	-1	-1	-1	Ab	4.000000	-1	-1	-1	-1	-1	-1	-1	-1	-1	-1	-1	-1	-1	-1	-1	Sm	1.000000	-1	-1	-1	
2529	3	1	2381	2354	-1	-1	-1	-1	-1	-1	Ab	4.000000	-1	-1	-1	-1	-1	-1	-1	-1	-1	-1	-1	-1	-1	-1	-1	sb	0.000000	-1	-1	-1	
2531	3	1	2364	2353	-1	-1	-1	-1	-1	-1	Ab	4.000000	-1	-1	-1	-1	-1	-1	-1	-1	-1	-1	-1	-1	-1	-1	-1	Sm	1.000000	-1	-1	-1	
2531	3	1	2364	2353	-1	-1	-1	-1	-1	-1	Ab	4.000000	-1	-1	-1	-1	-1	-1	-1	-1	-1	-1	-1	-1	-1	-1	-1	sb	0.000000	-1	-1	-1	
2483	3	0	2360	2363	-1	-1	-1	-1	-1	-1	Ab	4.000000	-1	-1	-1	-1	-1	-1	-1	-1	-1	-1	-1	-1	-1	-1	-1	sb	0.000000	-1	-1	-1	
2483	3	0	2360	2363	-1	-1	-1	-1	-1	-1	Ab	4.000000	-1	-1	-1	-1	-1	-1	-1	-1	-1	-1	-1	-1	-1	-1	-1	sb	0.000000	-1	-1	-1	
2487	3	0	2355	2366	-1	-1	-1	-1	-1	-1	am	1.000000	-1	-1	-1	-1	-1	-1	-1	-1	-1	-1	-1	-1	-1	-1	-1	sb	0.000000	-1	-1	-1	
2487	3	0	2355	2366	-1	-1	-1	-1	-1	-1	Ab	4.000000	-1	-1	-1	-1	-1	-1	-1	-1	-1	-1	-1	-1	-1	-1	-1	sb	0.000000	-1	-1	-1	
2489	3	0	2340	2373	-1	-1	-1	-1	-1	-1	Ab	4.000000	-1	-1	-1	-1	-1	-1	-1	-1	-1	-1	-1	-1	-1	-1	-1	sb	0.000000	-1	-1	-1	
2489	3	0	2340	2373	-1	-1	-1	-1	-1	-1	Ab	4.000000	-1	-1	-1	-1	-1	-1	-1	-1	-1	-1	-1	-1	-1	-1	-1	sb	0.000000	-1	-1	-1	
2491	3	0	2356	2342	-1	-1	-1	-1	-1	-1	Ab	4.000000	-1	-1	-1	-1	-1	-1	-1	-1	-1	-1	-1	-1	-1	-1	-1	sb	0.000000	-1	-1	-1	
2491	3	0	2356	2342	-1	-1	-1	-1	-1	-1	Ab	4.000000	-1	-1	-1	-1	-1	-1	-1	-1	-1	-1	-1	-1	-1	-1	-1	sb	0.000000	-1	-1	-1	
2495	3	0	2340	2376	-1	-1	-1	-1	-1	-1	Ab	4.000000	-1	-1	-1	-1	-1	-1	-1	-1	-1	-1	-1	-1	-1	-1	-1	sb	0.000000	-1	-1	-1	
2495	3	0	2340	2376	-1	-1	-1	-1	-1	-1	Ab	4.000000	-1	-1	-1	-1	-1	-1	-1	-1	-1	-1	-1	-1	-1	-1	-1	sm	0.000000	-1	-1	-1	
2496	3	0	2340	2376	-1	-1	-1	-1	-1	-1	Ab	4.000000	-1	-1	-1	-1	-1	-1	-1	-1	-1	-1	-1	-1	-1	-1	-1	sb	0.000000	-1	-1	-1	
2496	3	0	2340	2376	-1	-1	-1	-1	-1	-1	Ab	4.000000	-1	-1	-1	-1	-1	-1	-1	-1	-1	-1	-1	-1	-1	-1	-1	sm	0.000000	-1	-1	-1	
2497	3	0	2340	2365	-1	-1	-1	-1	-1	-1	Ab	4.000000	-1	-1	-1	-1	-1	-1	-1	-1	-1	-1	-1	-1	-1	-1	-1	sb	0.000000	-1	-1	-1	
2497	3	0	2340	2365	-1	-1	-1	-1	-1	-1	Ab	4.000000	-1	-1	-1	-1	-1	-1	-1	-1	-1	-1	-1	-1	-1	-1	-1	sb	0.000000	-1	-1	-1	
2499	3	0	2377	2365	-1	-1	-1	-1	-1	-1	Ab	4.000000	-1	-1	-1	-1	-1	-1	-1	-1	-1	-1	-1	-1	-1	-1	-1	sb	0.000000	-1	-1	-1	
2499	3	0	2377	2365	-1	-1	-1	-1	-1	-1	Ab	4.000000	-1	-1	-1	-1	-1	-1	-1	-1	-1	-1	-1	-1	-1	-1	-1	sb	0.000000	-1	-1	-1	
2500	3	0	2358	2344	-1	-1	-1	-1	-1	-1	Ab	4.000000	-1	-1	-1	-1	-1	-1	-1	-1	-1	-1	-1	-1	-1	-1	-1	sb	0.000000	-1	-1	-1	
2500	3	0	2358	2344	-1	-1	-1	-1	-1	-1	Ab	4.000000	-1	-1	-1	-1	-1	-1	-1	-1	-1	-1	-1	-1	-1	-1	-1	sm	0.000000	-1	-1	-1	
2502	3	0	2378	2344	-1	-1	-1	-1	-1	-1	Ab	4.000000	-1	-1	-1	-1	-1	-1	-1	-1	-1	-1	-1	-1	-1	-1	-1	sm	0.000000	-1	-1	-1	
2502	3	0	2378	2344	-1	-1	-1	-1	-1	-1	Ab	4.000000	-1	-1	-1	-1	-1	-1	-1	-1	-1	-1	-1	-1	-1	-1	-1	sm	0.000000	-1	-1	-1	
2503	3	0	2358	2344	-1	-1	-1	-1	-1	-1	Ab	4.000000	-1	-1	-1	-1	-1	-1	-1	-1	-1	-1	-1	-1	-1	-1	-1	sb	0.000000	-1	-1	-1	
2503	3	0	2358	2344	-1	-1	-1	-1	-1	-1	am	1.000000	-1	-1	-1	-1	-1	-1	-1	-1	-1	-1	-1	-1	-1	-1	-1	sm	0.000000	-1	-1	-1	
2505	3	0	2337	2379	-1	-1	-1	-1	-1	-1	Ab	4.000000	-1	-1	-1	-1	-1	-1	-1	-1	-1	-1	-1	-1	-1	-1	-1	sb	0.000000	-1	-1	-1	
2505	3	0	2337	2379	-1	-1	-1	-1	-1	-1	Ab	4.000000	-1	-1	-1	-1	-1	-1	-1	-1	-1	-1	-1	-1	-1	-1	-1	sm	0.000000	-1	-1	-1	
2506	3	0	2337	2379	-1	-1	-1	-1	-1	-1	Ab	4.000000	-1	-1	-1	-1	-1	-1	-1	-1	-1	-1	-1	-1	-1	-1	-1	sb	0.000000	-1	-1	-1	
2506	3	0	2337	2379	-1	-1	-1	-1	-1	-1	Ab	4.000000	-1	-1	-1	-1	-1	-1	-1	-1	-1	-1	-1	-1	-1	-1	-1	sm	0.000000	-1	-1	-1	
2507	3	0	2350	2371	-1	-1	-1	-1	-1	-1	Ab	4.000000	-1	-1	-1	-1	-1	-1	-1	-1	-1	-1	-1	-1	-1	-1	-1	sb	0.000000	-1	-1	-1	
2507	3	0	2350	2371	-1	-1	-1	-1	-1	-1	Ab	4.000000	-1	-1	-1	-1	-1	-1	-1	-1	-1	-1	-1	-1	-1	-1	-1	sb	0.000000	-1	-1	-1	
2508	3	0	2358	2371	-1	-1	-1	-1	-1	-1	Ab	4.000000	-1	-1	-1	-1	-1	-1	-1	-1	-1	-1	-1	-1	-1	-1	-1	sb	0.000000	-1	-1	-1	
2508	3	0	2358	2371	-1	-1	-1	-1	-1	-1	Ab	4.000000	-1	-1	-1	-1	-1	-1	-1	-1	-1	-1	-1	-1	-1	-1	-1	sb	0.000000	-1	-1	-1	
2510	3	0	2331	2341	-1	-1	-1	-1	-1	-1	Ab	4.000000	-1	-1	-1	-1	-1	-1	-1	-1	-1	-1	-1	-1	-1	-1	-1	sb	0.000000	-1	-1	-1	
2510	3	0	2331	2341	-1	-1	-1	-1	-1	-1	Ab	4.000000	-1	-1	-1	-1	-1	-1	-1	-1	-1	-1	-1	-1	-1	-1	-1	sb	0.000000	-1	-1	-1	
2511	3	0	2338	2341	-1	-1	-1	-1	-1	-1	Ab	4.000000	-1	-1	-1	-1	-1	-1	-1	-1	-1	-1	-1	-1	-1	-1	-1	sb	0.000000	-1	-1	-1	
2511	3	0	2338	2341	-1	-1	-1	-1	-1	-1	Ab	4.000000	-1	-1	-1	-1	-1	-1	-1	-1	-1	-1	-1	-1	-1	-1	-1	sb	0.000000	-1	-1	-1	
2512	3	0	2356	2348	-1	-1	-1	-1	-1	-1	Ab	4.000000	-1	-1	-1	-1	-1	-1	-1	-1	-1	-1	-1	-1	-1	-1	-1	sb	0.000000	-1	-1	-1	
2512	3	0	2356	2348	-1	-1	-1	-1	-1	-1	am	1.000000	-1	-1	-1	-1	-1	-1	-1	-1	-1	-1	-1	-1	-1	-1	-1	sb	0.000000	-1	-1	-1	
2514	3	0	2374	2335	-1	-1	-1	-1	-1	-1	Ab	4.000000	-1	-1	-1	-1	-1	-1	-1	-1	-1	-1	-1	-1	-1	-1	-1	sb	0.000000	-1	-1	-1	
2514	3	0	2374	2335	-1	-1	-1	-1	-1	-1	Ab	4.000000	-1	-1	-1	-1	-1	-1	-1	-1	-1	-1	-1	-1	-1	-1	-1	sb	0.000000	-1	-1	-1	
2515	3	0	2374	2335	-1	-1	-1	-1	-1	-1	Ab	4.000000	-1	-1	-1	-1	-1	-1	-1	-1	-1	-1	-1	-1	-1	-1	-1	sb	0.000000	-1	-1	-1	
2515	3	0	2374	2335	-1	-1	-1	-1	-1	-1	Ab	4.000000	-1	-1	-1	-1	-1	-1	-1	-1	-1	-1	-1	-1	-1	-1	-1	sb	0.000000	-1	-1	-1	
2517	3	0	2332	2380	-1	-1	-1	-1	-1	-1	Ab	4.000000	-1	-1	-1	-1	-1	-1	-1	-1	-1	-1	-1	-1	-1	-1	-1	sb	0.000000	-1	-1	-1	
2517	3	0	2332	2380	-1	-1	-1	-1	-1	-1	Ab	4.000000	-1	-1	-1	-1	-1	-1	-1	-1	-1	-1	-1	-1	-1	-1	-1	sb	0.000000	-1	-1	-1	
2518	3	0	2350	2380	-1	-1	-1	-1	-1	-1	Ab	4.000000	-1	-1	-1	-1	-1	-1	-1	-1	-1	-1	-1	-1	-1	-1	-1	sb	0.000000	-1	-1	-1	
2518	3	0	2350	2380	-1	-1	-1	-1	-1	-1	Ab	4.000000	-1	-1	-1	-1	-1	-1	-1	-1	-1	-1	-1	-1	-1	-1	-1	sb	0.000000	-1	-1	-1	
2526	3	0	2369	2375	-1	-1	-1	-1	-1	-1	am	1.000000	-1	-1	-1	-1	-1	-1	-1	-1	-1	-1	-1	-1	-1	-1	-1	sb	0.000000	-1	-1	-1	
2526	3	0	2369	2375	-1	-1	-1	-1	-1	-1	Ab	4.000000	-1	-1	-1	-1	-1	-1	-1	-1	-1	-1	-1	-1	-1	-1	-1	sb	0.000000	-1	-1	-1	
2527	3	0	2356	2370	-1	-1	-1	-1	-1	-1	Ab	4.000000	-1	-1	-1	-1	-1	-1	-1	-1	-1	-1	-1	-1	-1	-1	-1	sb	0.000000	-1	-1	-1	
2527	3	0	2356	2370	-1	-1	-1	-1	-1	-1	Ab	4.000000	-1	-1	-1	-1	-1	-1	-1	-1	-1	-1	-1	-1	-1	-1	-1	sb	0.000000	-1	-1	-1	
2530	3	0	2331	2359	-1	-1	-1	-1	-1	-1	Ab	4.000000	-1	-1	-1	-1	-1	-1	-1	-1	-1	-1	-1	-1	-1	-1	-1	sb	0.000000	-1	-1	-1	
2530	3	0	2331	2359	-1	-1	-1	-1	-1	-1	Ab	4.000000	-1	-1	-1	-1	-1	-1	-1	-1	-1	-1	-1	-1	-1	-1	-1	sb	0.000000	-1	-1	-1	
2532	4	1	2410	2426	-1	-1	-1	-1	-1	-1	Ab	4.000000	-1	-1	-1	-1	-1	-1	-1	-1	-1	-1	-1	-1	-1	-1	-1	Sm	1.000000	-1	-1	-1	
2532	4	1	2410	2426	-1	-1	-1	-1	-1	-1	Ab	4.000000	-1	-1	-1	-1	-1	-1	-1	-1	-1	-1	-1	-1	-1	-1	-1	sb	0.000000	-1	-1	-1	
2533	4	1	2403	2426	-1	-1	-1	-1	-1	-1	Ab	4.000000	-1	-1	-1	-1	-1	-1	-1	-1	-1	-1	-1	-1	-1	-1	-1	Sm	1.000000	-1	-1	-1	
2533	4	1	2403	2426	-1	-1	-1	-1	-1	-1	Ab	4.000000	-1	-1	-1	-1	-1	-1	-1	-1	-1	-1	-1	-1	-1	-1	-1	sb	0.000000	-1	-1	-1	
2535	4	1	2399	2420	-1	-1	-1	-1	-1	-1	Ab	4.000000	-1	-1	-1	-1	-1	-1	-1	-1	-1	-1	-1	-1	-1	-1	-1	Sm	1.000000	-1	-1	-1	
2535	4	1	2399	2420	-1	-1	-1	-1	-1	-1	Ab	4.000000	-1	-1	-1	-1	-1	-1	-1	-1	-1	-1	-1	-1	-1	-1	-1	sb	0.000000	-1	-1	-1	
2536	4	1	2407	2420	-1	-1	-1	-1	-1	-1	Ab	4.000000	-1	-1	-1	-1	-1	-1	-1	-1	-1	-1	-1	-1	-1	-1	-1	Sm	1.000000	-1	-1	-1	
2536	4	1	2407	2420	-1	-1	-1	-1	-1	-1	Ab	4.000000	-1	-1	-1	-1	-1	-1	-1	-1	-1	-1	-1	-1	-1	-1	-1	sb	0.000000	-1	-1	-1	
2538	4	1	2407	2420	-1	-1	-1	-1	-1	-1	Ab	4.000000	-1	-1	-1	-1	-1	-1	-1	-1	-1	-1	-1	-1	-1	-1	-1	Sm	1.000000	-1	-1	-1	
2538	4	1	2407	2420	-1	-1	-1	-1	-1	-1	Ab	4.000000	-1	-1	-1	-1	-1	-1	-1	-1	-1	-1	-1	-1	-1	-1	-1	sb	0.000000	-1	-1	-1	
2542	4	1	2415	2421	-1	-1	-1	-1	-1	-1	Ab	4.000000	-1	-1	-1	-1	-1	-1	-1	-1	-1	-1	-1	-1	-1	-1	-1	Sm	1.000000	-1	-1	-1	
2542	4	1	2415	2421	-1	-1	-1	-1	-1	-1	Ab	4.000000	-1	-1	-1	-1	-1	-1	-1	-1	-1	-1	-1	-1	-1	-1	-1	sb	0.000000	-1	-1	-1	
2544	4	1	2401	2388	-1	-1	-1	-1	-1	-1	Ab	4.000000	-1	-1	-1	-1	-1	-1	-1	-1	-1	-1	-1	-1	-1	-1	-1	Sm	1.000000	-1	-1	-1	
2544	4	1	2401	2388	-1	-1	-1	-1	-1	-1	Ab	4.000000	-1	-1	-1	-1	-1	-1	-1	-1	-1	-1	-1	-1	-1	-1	-1	sb	0.000000	-1	-1	-1	
2545	4	1	2389	2391	-1	-1	-1	-1	-1	-1	Ab	4.000000	-1	-1	-1	-1	-1	-1	-1	-1	-1	-1	-1	-1	-1	-1	-1	Sm	1.000000	-1	-1	-1	
2545	4	1	2389	2391	-1	-1	-1	-1	-1	-1	Ab	4.000000	-1	-1	-1	-1	-1	-1	-1	-1	-1	-1	-1	-1	-1	-1	-1	sb	0.000000	-1	-1	-1	
2546	4	1	2389	2391	-1	-1	-1	-1	-1	-1	Ab	4.000000	-1	-1	-1	-1	-1	-1	-1	-1	-1	-1	-1	-1	-1	-1	-1	Sm	1.000000	-1	-1	-1	
2546	4	1	2389	2391	-1	-1	-1	-1	-1	-1	Ab	4.000000	-1	-1	-1	-1	-1	-1	-1	-1	-1	-1	-1	-1	-1	-1	-1	sb	0.000000	-1	-1	-1	
2549	4	1	2397	2404	-1	-1	-1	-1	-1	-1	Ab	4.000000	-1	-1	-1	-1	-1	-1	-1	-1	-1	-1	-1	-1	-1	-1	-1	Sm	1.000000	-1	-1	-1	
2549	4	1	2397	2404	-1	-1	-1	-1	-1	-1	Ab	4.000000	-1	-1	-1	-1	-1	-1	-1	-1	-1	-1	-1	-1	-1	-1	-1	sb	0.000000	-1	-1	-1	
2551	4	1	2389	2427	-1	-1	-1	-1	-1	-1	Ab	4.000000	-1	-1	-1	-1	-1	-1	-1	-1	-1	-1	-1	-1	-1	-1	-1	Sm	1.000000	-1	-1	-1	
2551	4	1	2389	2427	-1	-1	-1	-1	-1	-1	Ab	4.000000	-1	-1	-1	-1	-1	-1	-1	-1	-1	-1	-1	-1	-1	-1	-1	sm	0.000000	-1	-1	-1	
2552	4	1	2397	2427	-1	-1	-1	-1	-1	-1	Ab	4.000000	-1	-1	-1	-1	-1	-1	-1	-1	-1	-1	-1	-1	-1	-1	-1	Sm	1.000000	-1	-1	-1	
2552	4	1	2397	2427	-1	-1	-1	-1	-1	-1	Ab	4.000000	-1	-1	-1	-1	-1	-1	-1	-1	-1	-1	-1	-1	-1	-1	-1	sm	0.000000	-1	-1	-1	
2555	4	1	2399	2398	-1	-1	-1	-1	-1	-1	Ab	4.000000	-1	-1	-1	-1	-1	-1	-1	-1	-1	-1	-1	-1	-1	-1	-1	Sm	1.000000	-1	-1	-1	
2555	4	1	2399	2398	-1	-1	-1	-1	-1	-1	Ab	4.000000	-1	-1	-1	-1	-1	-1	-1	-1	-1	-1	-1	-1	-1	-1	-1	sb	0.000000	-1	-1	-1	
2556	4	1	2401	2398	-1	-1	-1	-1	-1	-1	Ab	4.000000	-1	-1	-1	-1	-1	-1	-1	-1	-1	-1	-1	-1	-1	-1	-1	Sm	1.000000	-1	-1	-1	
2556	4	1	2401	2398	-1	-1	-1	-1	-1	-1	Ab	4.000000	-1	-1	-1	-1	-1	-1	-1	-1	-1	-1	-1	-1	-1	-1	-1	sb	0.000000	-1	-1	-1	
2557	4	1	2397	2398	-1	-1	-1	-1	-1	-1	Ab	4.000000	-1	-1	-1	-1	-1	-1	-1	-1	-1	-1	-1	-1	-1	-1	-1	Sm	1.000000	-1	-1	-1	
2557	4	1	2397	2398	-1	-1	-1	-1	-1	-1	Ab	4.000000	-1	-1	-1	-1	-1	-1	-1	-1	-1	-1	-1	-1	-1	-1	-1	sb	0.000000	-1	-1	-1	
2558	4	1	2392	2400	-1	-1	-1	-1	-1	-1	Ab	4.000000	-1	-1	-1	-1	-1	-1	-1	-1	-1	-1	-1	-1	-1	-1	-1	Sm	1.000000	-1	-1	-1	
2558	4	1	2392	2400	-1	-1	-1	-1	-1	-1	Ab	4.000000	-1	-1	-1	-1	-1	-1	-1	-1	-1	-1	-1	-1	-1	-1	-1	sb	0.000000	-1	-1	-1	
2559	4	1	2418	2400	-1	-1	-1	-1	-1	-1	Ab	4.000000	-1	-1	-1	-1	-1	-1	-1	-1	-1	-1	-1	-1	-1	-1	-1	Sm	1.000000	-1	-1	-1	
2559	4	1	2418	2400	-1	-1	-1	-1	-1	-1	Ab	4.000000	-1	-1	-1	-1	-1	-1	-1	-1	-1	-1	-1	-1	-1	-1	-1	sb	0.000000	-1	-1	-1	
2561	4	1	2414	2390	-1	-1	-1	-1	-1	-1	Ab	4.000000	-1	-1	-1	-1	-1	-1	-1	-1	-1	-1	-1	-1	-1	-1	-1	Sm	1.000000	-1	-1	-1	
2561	4	1	2414	2390	-1	-1	-1	-1	-1	-1	Ab	4.000000	-1	-1	-1	-1	-1	-1	-1	-1	-1	-1	-1	-1	-1	-1	-1	sb	0.000000	-1	-1	-1	
2563	4	1	2417	2384	-1	-1	-1	-1	-1	-1	Ab	4.000000	-1	-1	-1	-1	-1	-1	-1	-1	-1	-1	-1	-1	-1	-1	-1	Sm	1.000000	-1	-1	-1	
2563	4	1	2417	2384	-1	-1	-1	-1	-1	-1	Ab	4.000000	-1	-1	-1	-1	-1	-1	-1	-1	-1	-1	-1	-1	-1	-1	-1	sb	0.000000	-1	-1	-1	
2564	4	1	2413	2384	-1	-1	-1	-1	-1	-1	Ab	4.000000	-1	-1	-1	-1	-1	-1	-1	-1	-1	-1	-1	-1	-1	-1	-1	Sm	1.000000	-1	-1	-1	
2564	4	1	2413	2384	-1	-1	-1	-1	-1	-1	Ab	4.000000	-1	-1	-1	-1	-1	-1	-1	-1	-1	-1	-1	-1	-1	-1	-1	sb	0.000000	-1	-1	-1	
2566	4	1	2419	2402	-1	-1	-1	-1	-1	-1	Ab	4.000000	-1	-1	-1	-1	-1	-1	-1	-1	-1	-1	-1	-1	-1	-1	-1	Sm	1.000000	-1	-1	-1	
2566	4	1	2419	2402	-1	-1	-1	-1	-1	-1	Ab	4.000000	-1	-1	-1	-1	-1	-1	-1	-1	-1	-1	-1	-1	-1	-1	-1	sb	0.000000	-1	-1	-1	
2568	4	1	2418	2411	-1	-1	-1	-1	-1	-1	Ab	4.000000	-1	-1	-1	-1	-1	-1	-1	-1	-1	-1	-1	-1	-1	-1	-1	Sm	1.000000	-1	-1	-1	
2568	4	1	2418	2411	-1	-1	-1	-1	-1	-1	Ab	4.000000	-1	-1	-1	-1	-1	-1	-1	-1	-1	-1	-1	-1	-1	-1	-1	sb	0.000000	-1	-1	-1	
2569	4	1	2428	2429	-1	-1	-1	-1	-1	-1	Ab	4.000000	-1	-1	-1	-1	-1	-1	-1	-1	-1	-1	-1	-1	-1	-1	-1	Sm	1.000000	-1	-1	-1	
2569	4	1	2428	2429	-1	-1	-1	-1	-1	-1	Ab	4.000000	-1	-1	-1	-1	-1	-1	-1	-1	-1	-1	-1	-1	-1	-1	-1	sb	0.000000	-1	-1	-1	
2570	4	1	2401	2429	-1	-1	-1	-1	-1	-1	Ab	4.000000	-1	-1	-1	-1	-1	-1	-1	-1	-1	-1	-1	-1	-1	-1	-1	Sm	1.000000	-1	-1	-1	
2570	4	1	2401	2429	-1	-1	-1	-1	-1	-1	Ab	4.000000	-1	-1	-1	-1	-1	-1	-1	-1	-1	-1	-1	-1	-1	-1	-1	sb	0.000000	-1	-1	-1	
2573	4	1	2428	2385	-1	-1	-1	-1	-1	-1	Ab	4.000000	-1	-1	-1	-1	-1	-1	-1	-1	-1	-1	-1	-1	-1	-1	-1	Sm	1.000000	-1	-1	-1	
2573	4	1	2428	2385	-1	-1	-1	-1	-1	-1	Ab	4.000000	-1	-1	-1	-1	-1	-1	-1	-1	-1	-1	-1	-1	-1	-1	-1	sb	0.000000	-1	-1	-1	
2574	4	1	2392	2385	-1	-1	-1	-1	-1	-1	Ab	4.000000	-1	-1	-1	-1	-1	-1	-1	-1	-1	-1	-1	-1	-1	-1	-1	Sm	1.000000	-1	-1	-1	
2574	4	1	2392	2385	-1	-1	-1	-1	-1	-1	Ab	4.000000	-1	-1	-1	-1	-1	-1	-1	-1	-1	-1	-1	-1	-1	-1	-1	sb	0.000000	-1	-1	-1	
2576	4	1	2396	2382	-1	-1	-1	-1	-1	-1	Ab	4.000000	-1	-1	-1	-1	-1	-1	-1	-1	-1	-1	-1	-1	-1	-1	-1	Sm	1.000000	-1	-1	-1	
2576	4	1	2396	2382	-1	-1	-1	-1	-1	-1	Ab	4.000000	-1	-1	-1	-1	-1	-1	-1	-1	-1	-1	-1	-1	-1	-1	-1	sb	0.000000	-1	-1	-1	
2577	4	1	2409	2382	-1	-1	-1	-1	-1	-1	Ab	4.000000	-1	-1	-1	-1	-1	-1	-1	-1	-1	-1	-1	-1	-1	-1	-1	Sm	1.000000	-1	-1	-1	
2577	4	1	2409	2382	-1	-1	-1	-1	-1	-1	Ab	4.000000	-1	-1	-1	-1	-1	-1	-1	-1	-1	-1	-1	-1	-1	-1	-1	sb	0.000000	-1	-1	-1	
2534	4	0	2410	2426	-1	-1	-1	-1	-1	-1	Ab	4.000000	-1	-1	-1	-1	-1	-1	-1	-1	-1	-1	-1	-1	-1	-1	-1	sb	0.000000	-1	-1	-1	
2534	4	0	2410	2426	-1	-1	-1	-1	-1	-1	Ab	4.000000	-1	-1	-1	-1	-1	-1	-1	-1	-1	-1	-1	-1	-1	-1	-1	sb	0.000000	-1	-1	-1	
2537	4	0	2393	2420	-1	-1	-1	-1	-1	-1	Ab	4.000000	-1	-1	-1	-1	-1	-1	-1	-1	-1	-1	-1	-1	-1	-1	-1	sb	0.000000	-1	-1	-1	
2537	4	0	2393	2420	-1	-1	-1	-1	-1	-1	Ab	4.000000	-1	-1	-1	-1	-1	-1	-1	-1	-1	-1	-1	-1	-1	-1	-1	sb	0.000000	-1	-1	-1	
2539	4	0	2422	2425	-1	-1	-1	-1	-1	-1	Ab	4.000000	-1	-1	-1	-1	-1	-1	-1	-1	-1	-1	-1	-1	-1	-1	-1	sb	0.000000	-1	-1	-1	
2539	4	0	2422	2425	-1	-1	-1	-1	-1	-1	Ab	4.000000	-1	-1	-1	-1	-1	-1	-1	-1	-1	-1	-1	-1	-1	-1	-1	sb	0.000000	-1	-1	-1	
2540	4	0	2397	2425	-1	-1	-1	-1	-1	-1	Ab	4.000000	-1	-1	-1	-1	-1	-1	-1	-1	-1	-1	-1	-1	-1	-1	-1	sb	0.000000	-1	-1	-1	
2540	4	0	2397	2425	-1	-1	-1	-1	-1	-1	Ab	4.000000	-1	-1	-1	-1	-1	-1	-1	-1	-1	-1	-1	-1	-1	-1	-1	sb	0.000000	-1	-1	-1	
2541	4	0	2419	2421	-1	-1	-1	-1	-1	-1	Ab	4.000000	-1	-1	-1	-1	-1	-1	-1	-1	-1	-1	-1	-1	-1	-1	-1	sb	0.000000	-1	-1	-1	
2541	4	0	2419	2421	-1	-1	-1	-1	-1	-1	Ab	4.000000	-1	-1	-1	-1	-1	-1	-1	-1	-1	-1	-1	-1	-1	-1	-1	sb	0.000000	-1	-1	-1	
2543	4	0	2431	2421	-1	-1	-1	-1	-1	-1	Ab	4.000000	-1	-1	-1	-1	-1	-1	-1	-1	-1	-1	-1	-1	-1	-1	-1	sb	0.000000	-1	-1	-1	
2543	4	0	2431	2421	-1	-1	-1	-1	-1	-1	Ab	4.000000	-1	-1	-1	-1	-1	-1	-1	-1	-1	-1	-1	-1	-1	-1	-1	sb	0.000000	-1	-1	-1	
2547	4	0	2399	2391	-1	-1	-1	-1	-1	-1	Ab	4.000000	-1	-1	-1	-1	-1	-1	-1	-1	-1	-1	-1	-1	-1	-1	-1	sb	0.000000	-1	-1	-1	
2547	4	0	2399	2391	-1	-1	-1	-1	-1	-1	Ab	4.000000	-1	-1	-1	-1	-1	-1	-1	-1	-1	-1	-1	-1	-1	-1	-1	sb	0.000000	-1	-1	-1	
2548	4	0	2397	2404	-1	-1	-1	-1	-1	-1	Ab	4.000000	-1	-1	-1	-1	-1	-1	-1	-1	-1	-1	-1	-1	-1	-1	-1	sb	0.000000	-1	-1	-1	
2548	4	0	2397	2404	-1	-1	-1	-1	-1	-1	Ab	4.000000	-1	-1	-1	-1	-1	-1	-1	-1	-1	-1	-1	-1	-1	-1	-1	sb	0.000000	-1	-1	-1	
2550	4	0	2392	2404	-1	-1	-1	-1	-1	-1	Ab	4.000000	-1	-1	-1	-1	-1	-1	-1	-1	-1	-1	-1	-1	-1	-1	-1	sb	0.000000	-1	-1	-1	
2550	4	0	2392	2404	-1	-1	-1	-1	-1	-1	Ab	4.000000	-1	-1	-1	-1	-1	-1	-1	-1	-1	-1	-1	-1	-1	-1	-1	sb	0.000000	-1	-1	-1	
2553	4	0	2401	2412	-1	-1	-1	-1	-1	-1	Ab	4.000000	-1	-1	-1	-1	-1	-1	-1	-1	-1	-1	-1	-1	-1	-1	-1	sb	0.000000	-1	-1	-1	
2553	4	0	2401	2412	-1	-1	-1	-1	-1	-1	Ab	4.000000	-1	-1	-1	-1	-1	-1	-1	-1	-1	-1	-1	-1	-1	-1	-1	sb	0.000000	-1	-1	-1	
2554	4	0	2418	2412	-1	-1	-1	-1	-1	-1	Ab	4.000000	-1	-1	-1	-1	-1	-1	-1	-1	-1	-1	-1	-1	-1	-1	-1	sb	0.000000	-1	-1	-1	
2554	4	0	2418	2412	-1	-1	-1	-1	-1	-1	Ab	4.000000	-1	-1	-1	-1	-1	-1	-1	-1	-1	-1	-1	-1	-1	-1	-1	sb	0.000000	-1	-1	-1	
2560	4	0	2392	2386	-1	-1	-1	-1	-1	-1	Ab	4.000000	-1	-1	-1	-1	-1	-1	-1	-1	-1	-1	-1	-1	-1	-1	-1	sb	0.000000	-1	-1	-1	
2560	4	0	2392	2386	-1	-1	-1	-1	-1	-1	Ab	4.000000	-1	-1	-1	-1	-1	-1	-1	-1	-1	-1	-1	-1	-1	-1	-1	sb	0.000000	-1	-1	-1	
2562	4	0	2414	2384	-1	-1	-1	-1	-1	-1	Ab	4.000000	-1	-1	-1	-1	-1	-1	-1	-1	-1	-1	-1	-1	-1	-1	-1	sb	0.000000	-1	-1	-1	
2562	4	0	2414	2384	-1	-1	-1	-1	-1	-1	Ab	4.000000	-1	-1	-1	-1	-1	-1	-1	-1	-1	-1	-1	-1	-1	-1	-1	sb	0.000000	-1	-1	-1	
2565	4	0	2399	2416	-1	-1	-1	-1	-1	-1	Ab	4.000000	-1	-1	-1	-1	-1	-1	-1	-1	-1	-1	-1	-1	-1	-1	-1	sb	0.000000	-1	-1	-1	
2565	4	0	2399	2416	-1	-1	-1	-1	-1	-1	Ab	4.000000	-1	-1	-1	-1	-1	-1	-1	-1	-1	-1	-1	-1	-1	-1	-1	sb	0.000000	-1	-1	-1	
2567	4	0	2399	2402	-1	-1	-1	-1	-1	-1	Ab	4.000000	-1	-1	-1	-1	-1	-1	-1	-1	-1	-1	-1	-1	-1	-1	-1	sb	0.000000	-1	-1	-1	
2567	4	0	2399	2402	-1	-1	-1	-1	-1	-1	Ab	4.000000	-1	-1	-1	-1	-1	-1	-1	-1	-1	-1	-1	-1	-1	-1	-1	sm	0.000000	-1	-1	-1	
2571	4	0	2403	2429	-1	-1	-1	-1	-1	-1	Ab	4.000000	-1	-1	-1	-1	-1	-1	-1	-1	-1	-1	-1	-1	-1	-1	-1	sb	0.000000	-1	-1	-1	
2571	4	0	2403	2429	-1	-1	-1	-1	-1	-1	am	1.000000	-1	-1	-1	-1	-1	-1	-1	-1	-1	-1	-1	-1	-1	-1	-1	sb	0.000000	-1	-1	-1	
2572	4	0	2414	2429	-1	-1	-1	-1	-1	-1	Ab	4.000000	-1	-1	-1	-1	-1	-1	-1	-1	-1	-1	-1	-1	-1	-1	-1	sb	0.000000	-1	-1	-1	
2572	4	0	2414	2429	-1	-1	-1	-1	-1	-1	am	1.000000	-1	-1	-1	-1	-1	-1	-1	-1	-1	-1	-1	-1	-1	-1	-1	sb	0.000000	-1	-1	-1	
2575	4	0	2405	2385	-1	-1	-1	-1	-1	-1	Ab	4.000000	-1	-1	-1	-1	-1	-1	-1	-1	-1	-1	-1	-1	-1	-1	-1	sb	0.000000	-1	-1	-1	
2575	4	0	2405	2385	-1	-1	-1	-1	-1	-1	Ab	4.000000	-1	-1	-1	-1	-1	-1	-1	-1	-1	-1	-1	-1	-1	-1	-1	sb	0.000000	-1	-1	-1	
2578	4	0	2389	2424	-1	-1	-1	-1	-1	-1	Ab	4.000000	-1	-1	-1	-1	-1	-1	-1	-1	-1	-1	-1	-1	-1	-1	-1	sb	0.000000	-1	-1	-1	
2578	4	0	2389	2424	-1	-1	-1	-1	-1	-1	Ab	4.000000	-1	-1	-1	-1	-1	-1	-1	-1	-1	-1	-1	-1	-1	-1	-1	sb	0.000000	-1	-1	-1	
2579	4	0	2422	2424	-1	-1	-1	-1	-1	-1	Ab	4.000000	-1	-1	-1	-1	-1	-1	-1	-1	-1	-1	-1	-1	-1	-1	-1	sb	0.000000	-1	-1	-1	
2579	4	0	2422	2424	-1	-1	-1	-1	-1	-1	Ab	4.000000	-1	-1	-1	-1	-1	-1	-1	-1	-1	-1	-1	-1	-1	-1	-1	sb	0.000000	-1	-1	-1	
2580	4	0	2389	2384	-1	-1	-1	-1	-1	-1	Ab	4.000000	-1	-1	-1	-1	-1	-1	-1	-1	-1	-1	-1	-1	-1	-1	-1	sb	0.000000	-1	-1	-1	
2580	4	0	2389	2384	-1	-1	-1	-1	-1	-1	Ab	4.000000	-1	-1	-1	-1	-1	-1	-1	-1	-1	-1	-1	-1	-1	-1	-1	sb	0.000000	-1	-1	-1	
2581	4	0	2413	2385	-1	-1	-1	-1	-1	-1	Ab	4.000000	-1	-1	-1	-1	-1	-1	-1	-1	-1	-1	-1	-1	-1	-1	-1	sb	0.000000	-1	-1	-1	
2581	4	0	2413	2385	-1	-1	-1	-1	-1	-1	Ab	4.000000	-1	-1	-1	-1	-1	-1	-1	-1	-1	-1	-1	-1	-1	-1	-1	sb	0.000000	-1	-1	-1	
2583	5	1	2432	2454	-1	-1	-1	-1	-1	-1	am	1.000000	-1	-1	-1	-1	-1	-1	-1	-1	-1	-1	-1	-1	-1	-1	-1	Sm	1.000000	-1	-1	-1	
2583	5	1	2432	2454	-1	-1	-1	-1	-1	-1	Ab	4.000000	-1	-1	-1	-1	-1	-1	-1	-1	-1	-1	-1	-1	-1	-1	-1	sb	0.000000	-1	-1	-1	
2584	5	1	2462	2443	-1	-1	-1	-1	-1	-1	Ab	4.000000	-1	-1	-1	-1	-1	-1	-1	-1	-1	-1	-1	-1	-1	-1	-1	Sm	1.000000	-1	-1	-1	
2584	5	1	2462	2443	-1	-1	-1	-1	-1	-1	am	1.000000	-1	-1	-1	-1	-1	-1	-1	-1	-1	-1	-1	-1	-1	-1	-1	sb	0.000000	-1	-1	-1	
2586	5	1	2447	2439	-1	-1	-1	-1	-1	-1	Ab	4.000000	-1	-1	-1	-1	-1	-1	-1	-1	-1	-1	-1	-1	-1	-1	-1	Sm	1.000000	-1	-1	-1	
2586	5	1	2447	2439	-1	-1	-1	-1	-1	-1	Ab	4.000000	-1	-1	-1	-1	-1	-1	-1	-1	-1	-1	-1	-1	-1	-1	-1	sm	0.000000	-1	-1	-1	
2592	5	1	2477	2449	-1	-1	-1	-1	-1	-1	Ab	4.000000	-1	-1	-1	-1	-1	-1	-1	-1	-1	-1	-1	-1	-1	-1	-1	Sm	1.000000	-1	-1	-1	
2592	5	1	2477	2449	-1	-1	-1	-1	-1	-1	Ab	4.000000	-1	-1	-1	-1	-1	-1	-1	-1	-1	-1	-1	-1	-1	-1	-1	sb	0.000000	-1	-1	-1	
2594	5	1	2469	2461	-1	-1	-1	-1	-1	-1	Ab	4.000000	-1	-1	-1	-1	-1	-1	-1	-1	-1	-1	-1	-1	-1	-1	-1	Sm	1.000000	-1	-1	-1	
2594	5	1	2469	2461	-1	-1	-1	-1	-1	-1	Ab	4.000000	-1	-1	-1	-1	-1	-1	-1	-1	-1	-1	-1	-1	-1	-1	-1	sm	0.000000	-1	-1	-1	
2596	5	1	2447	2472	-1	-1	-1	-1	-1	-1	Ab	4.000000	-1	-1	-1	-1	-1	-1	-1	-1	-1	-1	-1	-1	-1	-1	-1	Sm	1.000000	-1	-1	-1	
2596	5	1	2447	2472	-1	-1	-1	-1	-1	-1	Ab	4.000000	-1	-1	-1	-1	-1	-1	-1	-1	-1	-1	-1	-1	-1	-1	-1	sb	0.000000	-1	-1	-1	
2602	5	1	2479	2470	-1	-1	-1	-1	-1	-1	am	1.000000	-1	-1	-1	-1	-1	-1	-1	-1	-1	-1	-1	-1	-1	-1	-1	Sm	1.000000	-1	-1	-1	
2602	5	1	2479	2470	-1	-1	-1	-1	-1	-1	Ab	4.000000	-1	-1	-1	-1	-1	-1	-1	-1	-1	-1	-1	-1	-1	-1	-1	sb	0.000000	-1	-1	-1	
2605	5	1	2456	2470	-1	-1	-1	-1	-1	-1	Ab	4.000000	-1	-1	-1	-1	-1	-1	-1	-1	-1	-1	-1	-1	-1	-1	-1	Sm	1.000000	-1	-1	-1	
2605	5	1	2456	2470	-1	-1	-1	-1	-1	-1	Ab	4.000000	-1	-1	-1	-1	-1	-1	-1	-1	-1	-1	-1	-1	-1	-1	-1	sb	0.000000	-1	-1	-1	
2606	5	1	2474	2470	-1	-1	-1	-1	-1	-1	Ab	4.000000	-1	-1	-1	-1	-1	-1	-1	-1	-1	-1	-1	-1	-1	-1	-1	Sm	1.000000	-1	-1	-1	
2606	5	1	2474	2470	-1	-1	-1	-1	-1	-1	Ab	4.000000	-1	-1	-1	-1	-1	-1	-1	-1	-1	-1	-1	-1	-1	-1	-1	sb	0.000000	-1	-1	-1	
2607	5	1	2453	2441	-1	-1	-1	-1	-1	-1	Ab	4.000000	-1	-1	-1	-1	-1	-1	-1	-1	-1	-1	-1	-1	-1	-1	-1	Sm	1.000000	-1	-1	-1	
2607	5	1	2453	2441	-1	-1	-1	-1	-1	-1	Ab	4.000000	-1	-1	-1	-1	-1	-1	-1	-1	-1	-1	-1	-1	-1	-1	-1	sm	0.000000	-1	-1	-1	
2608	5	1	2458	2476	-1	-1	-1	-1	-1	-1	Ab	4.000000	-1	-1	-1	-1	-1	-1	-1	-1	-1	-1	-1	-1	-1	-1	-1	Sm	1.000000	-1	-1	-1	
2608	5	1	2458	2476	-1	-1	-1	-1	-1	-1	Ab	4.000000	-1	-1	-1	-1	-1	-1	-1	-1	-1	-1	-1	-1	-1	-1	-1	sb	0.000000	-1	-1	-1	
2609	5	1	2436	2476	-1	-1	-1	-1	-1	-1	Ab	4.000000	-1	-1	-1	-1	-1	-1	-1	-1	-1	-1	-1	-1	-1	-1	-1	Sm	1.000000	-1	-1	-1	
2609	5	1	2436	2476	-1	-1	-1	-1	-1	-1	Ab	4.000000	-1	-1	-1	-1	-1	-1	-1	-1	-1	-1	-1	-1	-1	-1	-1	sb	0.000000	-1	-1	-1	
2610	5	1	2480	2476	-1	-1	-1	-1	-1	-1	Ab	4.000000	-1	-1	-1	-1	-1	-1	-1	-1	-1	-1	-1	-1	-1	-1	-1	Sm	1.000000	-1	-1	-1	
2610	5	1	2480	2476	-1	-1	-1	-1	-1	-1	Ab	4.000000	-1	-1	-1	-1	-1	-1	-1	-1	-1	-1	-1	-1	-1	-1	-1	sb	0.000000	-1	-1	-1	
2611	5	1	2446	2467	-1	-1	-1	-1	-1	-1	Ab	4.000000	-1	-1	-1	-1	-1	-1	-1	-1	-1	-1	-1	-1	-1	-1	-1	Sm	1.000000	-1	-1	-1	
2611	5	1	2446	2467	-1	-1	-1	-1	-1	-1	Ab	4.000000	-1	-1	-1	-1	-1	-1	-1	-1	-1	-1	-1	-1	-1	-1	-1	sm	0.000000	-1	-1	-1	
2613	5	1	2462	2463	-1	-1	-1	-1	-1	-1	Ab	4.000000	-1	-1	-1	-1	-1	-1	-1	-1	-1	-1	-1	-1	-1	-1	-1	Sm	1.000000	-1	-1	-1	
2613	5	1	2462	2463	-1	-1	-1	-1	-1	-1	Ab	4.000000	-1	-1	-1	-1	-1	-1	-1	-1	-1	-1	-1	-1	-1	-1	-1	sm	0.000000	-1	-1	-1	
2614	5	1	2469	2464	-1	-1	-1	-1	-1	-1	Ab	4.000000	-1	-1	-1	-1	-1	-1	-1	-1	-1	-1	-1	-1	-1	-1	-1	Sm	1.000000	-1	-1	-1	
2614	5	1	2469	2464	-1	-1	-1	-1	-1	-1	Ab	4.000000	-1	-1	-1	-1	-1	-1	-1	-1	-1	-1	-1	-1	-1	-1	-1	sm	0.000000	-1	-1	-1	
2616	5	1	2450	2452	-1	-1	-1	-1	-1	-1	Ab	4.000000	-1	-1	-1	-1	-1	-1	-1	-1	-1	-1	-1	-1	-1	-1	-1	Sm	1.000000	-1	-1	-1	
2616	5	1	2450	2452	-1	-1	-1	-1	-1	-1	Ab	4.000000	-1	-1	-1	-1	-1	-1	-1	-1	-1	-1	-1	-1	-1	-1	-1	sb	0.000000	-1	-1	-1	
2620	5	1	2446	2444	-1	-1	-1	-1	-1	-1	Ab	4.000000	-1	-1	-1	-1	-1	-1	-1	-1	-1	-1	-1	-1	-1	-1	-1	Sm	1.000000	-1	-1	-1	
2620	5	1	2446	2444	-1	-1	-1	-1	-1	-1	Ab	4.000000	-1	-1	-1	-1	-1	-1	-1	-1	-1	-1	-1	-1	-1	-1	-1	sb	0.000000	-1	-1	-1	
2621	5	1	2445	2457	-1	-1	-1	-1	-1	-1	Ab	4.000000	-1	-1	-1	-1	-1	-1	-1	-1	-1	-1	-1	-1	-1	-1	-1	Sm	1.000000	-1	-1	-1	
2621	5	1	2445	2457	-1	-1	-1	-1	-1	-1	Ab	4.000000	-1	-1	-1	-1	-1	-1	-1	-1	-1	-1	-1	-1	-1	-1	-1	sm	0.000000	-1	-1	-1	
2626	5	1	2436	2457	-1	-1	-1	-1	-1	-1	Ab	4.000000	-1	-1	-1	-1	-1	-1	-1	-1	-1	-1	-1	-1	-1	-1	-1	Sm	1.000000	-1	-1	-1	
2626	5	1	2436	2457	-1	-1	-1	-1	-1	-1	Ab	4.000000	-1	-1	-1	-1	-1	-1	-1	-1	-1	-1	-1	-1	-1	-1	-1	sb	0.000000	-1	-1	-1	
2628	5	1	2456	2452	-1	-1	-1	-1	-1	-1	Ab	4.000000	-1	-1	-1	-1	-1	-1	-1	-1	-1	-1	-1	-1	-1	-1	-1	Sm	1.000000	-1	-1	-1	
2628	5	1	2456	2452	-1	-1	-1	-1	-1	-1	am	1.000000	-1	-1	-1	-1	-1	-1	-1	-1	-1	-1	-1	-1	-1	-1	-1	sb	0.000000	-1	-1	-1	
2629	5	1	2462	2441	-1	-1	-1	-1	-1	-1	Ab	4.000000	-1	-1	-1	-1	-1	-1	-1	-1	-1	-1	-1	-1	-1	-1	-1	Sm	1.000000	-1	-1	-1	
2629	5	1	2462	2441	-1	-1	-1	-1	-1	-1	Ab	4.000000	-1	-1	-1	-1	-1	-1	-1	-1	-1	-1	-1	-1	-1	-1	-1	sm	0.000000	-1	-1	-1	
2631	5	1	2477	2454	-1	-1	-1	-1	-1	-1	Ab	4.000000	-1	-1	-1	-1	-1	-1	-1	-1	-1	-1	-1	-1	-1	-1	-1	Sm	1.000000	-1	-1	-1	
2631	5	1	2477	2454	-1	-1	-1	-1	-1	-1	Ab	4.000000	-1	-1	-1	-1	-1	-1	-1	-1	-1	-1	-1	-1	-1	-1	-1	sb	0.000000	-1	-1	-1	
2582	5	0	2477	2454	-1	-1	-1	-1	-1	-1	Ab	4.000000	-1	-1	-1	-1	-1	-1	-1	-1	-1	-1	-1	-1	-1	-1	-1	sb	0.000000	-1	-1	-1	
2582	5	0	2477	2454	-1	-1	-1	-1	-1	-1	Ab	4.000000	-1	-1	-1	-1	-1	-1	-1	-1	-1	-1	-1	-1	-1	-1	-1	sb	0.000000	-1	-1	-1	
2585	5	0	2479	2443	-1	-1	-1	-1	-1	-1	Ab	4.000000	-1	-1	-1	-1	-1	-1	-1	-1	-1	-1	-1	-1	-1	-1	-1	sb	0.000000	-1	-1	-1	
2585	5	0	2479	2443	-1	-1	-1	-1	-1	-1	Ab	4.000000	-1	-1	-1	-1	-1	-1	-1	-1	-1	-1	-1	-1	-1	-1	-1	sb	0.000000	-1	-1	-1	
2587	5	0	2438	2439	-1	-1	-1	-1	-1	-1	Ab	4.000000	-1	-1	-1	-1	-1	-1	-1	-1	-1	-1	-1	-1	-1	-1	-1	sm	0.000000	-1	-1	-1	
2587	5	0	2438	2439	-1	-1	-1	-1	-1	-1	Ab	4.000000	-1	-1	-1	-1	-1	-1	-1	-1	-1	-1	-1	-1	-1	-1	-1	sm	0.000000	-1	-1	-1	
2588	5	0	2436	2451	-1	-1	-1	-1	-1	-1	Ab	4.000000	-1	-1	-1	-1	-1	-1	-1	-1	-1	-1	-1	-1	-1	-1	-1	sm	0.000000	-1	-1	-1	
2588	5	0	2436	2451	-1	-1	-1	-1	-1	-1	Ab	4.000000	-1	-1	-1	-1	-1	-1	-1	-1	-1	-1	-1	-1	-1	-1	-1	sb	0.000000	-1	-1	-1	
2589	5	0	2466	2451	-1	-1	-1	-1	-1	-1	Ab	4.000000	-1	-1	-1	-1	-1	-1	-1	-1	-1	-1	-1	-1	-1	-1	-1	sm	0.000000	-1	-1	-1	
2589	5	0	2466	2451	-1	-1	-1	-1	-1	-1	Ab	4.000000	-1	-1	-1	-1	-1	-1	-1	-1	-1	-1	-1	-1	-1	-1	-1	sb	0.000000	-1	-1	-1	
2590	5	0	2433	2451	-1	-1	-1	-1	-1	-1	Ab	4.000000	-1	-1	-1	-1	-1	-1	-1	-1	-1	-1	-1	-1	-1	-1	-1	sb	0.000000	-1	-1	-1	
2590	5	0	2433	2451	-1	-1	-1	-1	-1	-1	Ab	4.000000	-1	-1	-1	-1	-1	-1	-1	-1	-1	-1	-1	-1	-1	-1	-1	sb	0.000000	-1	-1	-1	
2591	5	0	2456	2449	-1	-1	-1	-1	-1	-1	Ab	4.000000	-1	-1	-1	-1	-1	-1	-1	-1	-1	-1	-1	-1	-1	-1	-1	sb	0.000000	-1	-1	-1	
2591	5	0	2456	2449	-1	-1	-1	-1	-1	-1	Ab	4.000000	-1	-1	-1	-1	-1	-1	-1	-1	-1	-1	-1	-1	-1	-1	-1	sb	0.000000	-1	-1	-1	
2593	5	0	2478	2461	-1	-1	-1	-1	-1	-1	am	1.000000	-1	-1	-1	-1	-1	-1	-1	-1	-1	-1	-1	-1	-1	-1	-1	sb	0.000000	-1	-1	-1	
2593	5	0	2478	2461	-1	-1	-1	-1	-1	-1	Ab	4.000000	-1	-1	-1	-1	-1	-1	-1	-1	-1	-1	-1	-1	-1	-1	-1	sm	0.000000	-1	-1	-1	
2595	5	0	2447	2461	-1	-1	-1	-1	-1	-1	Ab	4.000000	-1	-1	-1	-1	-1	-1	-1	-1	-1	-1	-1	-1	-1	-1	-1	sm	0.000000	-1	-1	-1	
2595	5	0	2447	2461	-1	-1	-1	-1	-1	-1	Ab	4.000000	-1	-1	-1	-1	-1	-1	-1	-1	-1	-1	-1	-1	-1	-1	-1	sm	0.000000	-1	-1	-1	
2597	5	0	2468	2472	-1	-1	-1	-1	-1	-1	Ab	4.000000	-1	-1	-1	-1	-1	-1	-1	-1	-1	-1	-1	-1	-1	-1	-1	sb	0.000000	-1	-1	-1	
2597	5	0	2468	2472	-1	-1	-1	-1	-1	-1	Ab	4.000000	-1	-1	-1	-1	-1	-1	-1	-1	-1	-1	-1	-1	-1	-1	-1	sb	0.000000	-1	-1	-1	
2598	5	0	2460	2481	-1	-1	-1	-1	-1	-1	Ab	4.000000	-1	-1	-1	-1	-1	-1	-1	-1	-1	-1	-1	-1	-1	-1	-1	sm	0.000000	-1	-1	-1	
2598	5	0	2460	2481	-1	-1	-1	-1	-1	-1	Ab	4.000000	-1	-1	-1	-1	-1	-1	-1	-1	-1	-1	-1	-1	-1	-1	-1	sm	0.000000	-1	-1	-1	
2599	5	0	2473	2481	-1	-1	-1	-1	-1	-1	am	1.000000	-1	-1	-1	-1	-1	-1	-1	-1	-1	-1	-1	-1	-1	-1	-1	sm	0.000000	-1	-1	-1	
2599	5	0	2473	2481	-1	-1	-1	-1	-1	-1	Ab	4.000000	-1	-1	-1	-1	-1	-1	-1	-1	-1	-1	-1	-1	-1	-1	-1	sm	0.000000	-1	-1	-1	
2600	5	0	2478	2481	-1	-1	-1	-1	-1	-1	am	1.000000	-1	-1	-1	-1	-1	-1	-1	-1	-1	-1	-1	-1	-1	-1	-1	sb	0.000000	-1	-1	-1	
2600	5	0	2478	2481	-1	-1	-1	-1	-1	-1	Ab	4.000000	-1	-1	-1	-1	-1	-1	-1	-1	-1	-1	-1	-1	-1	-1	-1	sm	0.000000	-1	-1	-1	
2601	5	0	2477	2481	-1	-1	-1	-1	-1	-1	Ab	4.000000	-1	-1	-1	-1	-1	-1	-1	-1	-1	-1	-1	-1	-1	-1	-1	sb	0.000000	-1	-1	-1	
2601	5	0	2477	2481	-1	-1	-1	-1	-1	-1	Ab	4.000000	-1	-1	-1	-1	-1	-1	-1	-1	-1	-1	-1	-1	-1	-1	-1	sm	0.000000	-1	-1	-1	
2603	5	0	2435	2470	-1	-1	-1	-1	-1	-1	Ab	4.000000	-1	-1	-1	-1	-1	-1	-1	-1	-1	-1	-1	-1	-1	-1	-1	sb	0.000000	-1	-1	-1	
2603	5	0	2435	2470	-1	-1	-1	-1	-1	-1	Ab	4.000000	-1	-1	-1	-1	-1	-1	-1	-1	-1	-1	-1	-1	-1	-1	-1	sm	0.000000	-1	-1	-1	
2604	5	0	2459	2470	-1	-1	-1	-1	-1	-1	Ab	4.000000	-1	-1	-1	-1	-1	-1	-1	-1	-1	-1	-1	-1	-1	-1	-1	sb	0.000000	-1	-1	-1	
2604	5	0	2459	2470	-1	-1	-1	-1	-1	-1	Ab	4.000000	-1	-1	-1	-1	-1	-1	-1	-1	-1	-1	-1	-1	-1	-1	-1	sb	0.000000	-1	-1	-1	
2612	5	0	2471	2467	-1	-1	-1	-1	-1	-1	Ab	4.000000	-1	-1	-1	-1	-1	-1	-1	-1	-1	-1	-1	-1	-1	-1	-1	sm	0.000000	-1	-1	-1	
2612	5	0	2471	2467	-1	-1	-1	-1	-1	-1	Ab	4.000000	-1	-1	-1	-1	-1	-1	-1	-1	-1	-1	-1	-1	-1	-1	-1	sm	0.000000	-1	-1	-1	
2615	5	0	2466	2452	-1	-1	-1	-1	-1	-1	Ab	4.000000	-1	-1	-1	-1	-1	-1	-1	-1	-1	-1	-1	-1	-1	-1	-1	sm	0.000000	-1	-1	-1	
2615	5	0	2466	2452	-1	-1	-1	-1	-1	-1	Ab	4.000000	-1	-1	-1	-1	-1	-1	-1	-1	-1	-1	-1	-1	-1	-1	-1	sb	0.000000	-1	-1	-1	
2617	5	0	2456	2452	-1	-1	-1	-1	-1	-1	Ab	4.000000	-1	-1	-1	-1	-1	-1	-1	-1	-1	-1	-1	-1	-1	-1	-1	sb	0.000000	-1	-1	-1	
2617	5	0	2456	2452	-1	-1	-1	-1	-1	-1	am	1.000000	-1	-1	-1	-1	-1	-1	-1	-1	-1	-1	-1	-1	-1	-1	-1	sb	0.000000	-1	-1	-1	
2618	5	0	2469	2444	-1	-1	-1	-1	-1	-1	Ab	4.000000	-1	-1	-1	-1	-1	-1	-1	-1	-1	-1	-1	-1	-1	-1	-1	sb	0.000000	-1	-1	-1	
2618	5	0	2469	2444	-1	-1	-1	-1	-1	-1	Ab	4.000000	-1	-1	-1	-1	-1	-1	-1	-1	-1	-1	-1	-1	-1	-1	-1	sb	0.000000	-1	-1	-1	
2619	5	0	2446	2444	-1	-1	-1	-1	-1	-1	Ab	4.000000	-1	-1	-1	-1	-1	-1	-1	-1	-1	-1	-1	-1	-1	-1	-1	sm	0.000000	-1	-1	-1	
2619	5	0	2446	2444	-1	-1	-1	-1	-1	-1	Ab	4.000000	-1	-1	-1	-1	-1	-1	-1	-1	-1	-1	-1	-1	-1	-1	-1	sb	0.000000	-1	-1	-1	
2622	5	0	2466	2457	-1	-1	-1	-1	-1	-1	Ab	4.000000	-1	-1	-1	-1	-1	-1	-1	-1	-1	-1	-1	-1	-1	-1	-1	sm	0.000000	-1	-1	-1	
2622	5	0	2466	2457	-1	-1	-1	-1	-1	-1	Ab	4.000000	-1	-1	-1	-1	-1	-1	-1	-1	-1	-1	-1	-1	-1	-1	-1	sb	0.000000	-1	-1	-1	
2623	5	0	2471	2457	-1	-1	-1	-1	-1	-1	Ab	4.000000	-1	-1	-1	-1	-1	-1	-1	-1	-1	-1	-1	-1	-1	-1	-1	sm	0.000000	-1	-1	-1	
2623	5	0	2471	2457	-1	-1	-1	-1	-1	-1	Ab	4.000000	-1	-1	-1	-1	-1	-1	-1	-1	-1	-1	-1	-1	-1	-1	-1	sm	0.000000	-1	-1	-1	
2624	5	0	2445	2457	-1	-1	-1	-1	-1	-1	Ab	4.000000	-1	-1	-1	-1	-1	-1	-1	-1	-1	-1	-1	-1	-1	-1	-1	sb	0.000000	-1	-1	-1	
2624	5	0	2445	2457	-1	-1	-1	-1	-1	-1	Ab	4.000000	-1	-1	-1	-1	-1	-1	-1	-1	-1	-1	-1	-1	-1	-1	-1	sm	0.000000	-1	-1	-1	
2625	5	0	2479	2457	-1	-1	-1	-1	-1	-1	am	1.000000	-1	-1	-1	-1	-1	-1	-1	-1	-1	-1	-1	-1	-1	-1	-1	sb	0.000000	-1	-1	-1	
2625	5	0	2479	2457	-1	-1	-1	-1	-1	-1	Ab	4.000000	-1	-1	-1	-1	-1	-1	-1	-1	-1	-1	-1	-1	-1	-1	-1	sm	0.000000	-1	-1	-1	
2627	5	0	2458	2461	-1	-1	-1	-1	-1	-1	Ab	4.000000	-1	-1	-1	-1	-1	-1	-1	-1	-1	-1	-1	-1	-1	-1	-1	sb	0.000000	-1	-1	-1	
2627	5	0	2458	2461	-1	-1	-1	-1	-1	-1	Ab	4.000000	-1	-1	-1	-1	-1	-1	-1	-1	-1	-1	-1	-1	-1	-1	-1	sm	0.000000	-1	-1	-1	
2630	5	0	2437	2454	-1	-1	-1	-1	-1	-1	Ab	4.000000	-1	-1	-1	-1	-1	-1	-1	-1	-1	-1	-1	-1	-1	-1	-1	sm	0.000000	-1	-1	-1	
2630	5	0	2437	2454	-1	-1	-1	-1	-1	-1	Ab	4.000000	-1	-1	-1	-1	-1	-1	-1	-1	-1	-1	-1	-1	-1	-1	-1	sb	0.000000	-1	-1	-1	
