1875	3	1	1732	1735	-1	-1	-1	-1	-1	-1	Ab	4.000000	-1	-1	-1	-1	-1	-1	-1	-1	-1	-1	-1	-1	-1	-1	-1	Sm	1.000000	-1	-1	-1	
1875	3	1	1732	1735	-1	-1	-1	-1	-1	-1	am	1.000000	-1	-1	-1	-1	-1	-1	-1	-1	-1	-1	-1	-1	-1	-1	-1	sb	0.000000	-1	-1	-1	
1878	3	1	1766	1739	-1	-1	-1	-1	-1	-1	Ab	4.000000	-1	-1	-1	-1	-1	-1	-1	-1	-1	-1	-1	-1	-1	-1	-1	Sm	1.000000	-1	-1	-1	
1878	3	1	1766	1739	-1	-1	-1	-1	-1	-1	Ab	4.000000	-1	-1	-1	-1	-1	-1	-1	-1	-1	-1	-1	-1	-1	-1	-1	sm	0.000000	-1	-1	-1	
1879	3	1	1730	1739	-1	-1	-1	-1	-1	-1	Ab	4.000000	-1	-1	-1	-1	-1	-1	-1	-1	-1	-1	-1	-1	-1	-1	-1	Sm	1.000000	-1	-1	-1	
1879	3	1	1730	1739	-1	-1	-1	-1	-1	-1	Ab	4.000000	-1	-1	-1	-1	-1	-1	-1	-1	-1	-1	-1	-1	-1	-1	-1	sb	0.000000	-1	-1	-1	
1880	3	1	1760	1739	-1	-1	-1	-1	-1	-1	Ab	4.000000	-1	-1	-1	-1	-1	-1	-1	-1	-1	-1	-1	-1	-1	-1	-1	Sm	1.000000	-1	-1	-1	
1880	3	1	1760	1739	-1	-1	-1	-1	-1	-1	Ab	4.000000	-1	-1	-1	-1	-1	-1	-1	-1	-1	-1	-1	-1	-1	-1	-1	sm	0.000000	-1	-1	-1	
1881	3	1	1737	1756	-1	-1	-1	-1	-1	-1	am	1.000000	-1	-1	-1	-1	-1	-1	-1	-1	-1	-1	-1	-1	-1	-1	-1	Sm	1.000000	-1	-1	-1	
1881	3	1	1737	1756	-1	-1	-1	-1	-1	-1	Ab	4.000000	-1	-1	-1	-1	-1	-1	-1	-1	-1	-1	-1	-1	-1	-1	-1	sm	0.000000	-1	-1	-1	
1882	3	1	1766	1742	-1	-1	-1	-1	-1	-1	Ab	4.000000	-1	-1	-1	-1	-1	-1	-1	-1	-1	-1	-1	-1	-1	-1	-1	Sm	1.000000	-1	-1	-1	
1882	3	1	1766	1742	-1	-1	-1	-1	-1	-1	Ab	4.000000	-1	-1	-1	-1	-1	-1	-1	-1	-1	-1	-1	-1	-1	-1	-1	sb	0.000000	-1	-1	-1	
1887	3	1	1732	1724	-1	-1	-1	-1	-1	-1	Ab	4.000000	-1	-1	-1	-1	-1	-1	-1	-1	-1	-1	-1	-1	-1	-1	-1	Sm	1.000000	-1	-1	-1	
1887	3	1	1732	1724	-1	-1	-1	-1	-1	-1	Ab	4.000000	-1	-1	-1	-1	-1	-1	-1	-1	-1	-1	-1	-1	-1	-1	-1	sm	0.000000	-1	-1	-1	
1888	3	1	1759	1724	-1	-1	-1	-1	-1	-1	Ab	4.000000	-1	-1	-1	-1	-1	-1	-1	-1	-1	-1	-1	-1	-1	-1	-1	Sm	1.000000	-1	-1	-1	
1888	3	1	1759	1724	-1	-1	-1	-1	-1	-1	Ab	4.000000	-1	-1	-1	-1	-1	-1	-1	-1	-1	-1	-1	-1	-1	-1	-1	sm	0.000000	-1	-1	-1	
1892	3	1	1753	1754	-1	-1	-1	-1	-1	-1	Ab	4.000000	-1	-1	-1	-1	-1	-1	-1	-1	-1	-1	-1	-1	-1	-1	-1	Sm	1.000000	-1	-1	-1	
1892	3	1	1753	1754	-1	-1	-1	-1	-1	-1	Ab	4.000000	-1	-1	-1	-1	-1	-1	-1	-1	-1	-1	-1	-1	-1	-1	-1	sb	0.000000	-1	-1	-1	
1899	3	1	1725	1731	-1	-1	-1	-1	-1	-1	Ab	4.000000	-1	-1	-1	-1	-1	-1	-1	-1	-1	-1	-1	-1	-1	-1	-1	Sm	1.000000	-1	-1	-1	
1899	3	1	1725	1731	-1	-1	-1	-1	-1	-1	Ab	4.000000	-1	-1	-1	-1	-1	-1	-1	-1	-1	-1	-1	-1	-1	-1	-1	sb	0.000000	-1	-1	-1	
1901	3	1	1766	1731	-1	-1	-1	-1	-1	-1	Ab	4.000000	-1	-1	-1	-1	-1	-1	-1	-1	-1	-1	-1	-1	-1	-1	-1	Sm	1.000000	-1	-1	-1	
1901	3	1	1766	1731	-1	-1	-1	-1	-1	-1	Ab	4.000000	-1	-1	-1	-1	-1	-1	-1	-1	-1	-1	-1	-1	-1	-1	-1	sb	0.000000	-1	-1	-1	
1904	3	1	1725	1757	-1	-1	-1	-1	-1	-1	Ab	4.000000	-1	-1	-1	-1	-1	-1	-1	-1	-1	-1	-1	-1	-1	-1	-1	Sm	1.000000	-1	-1	-1	
1904	3	1	1725	1757	-1	-1	-1	-1	-1	-1	Ab	4.000000	-1	-1	-1	-1	-1	-1	-1	-1	-1	-1	-1	-1	-1	-1	-1	sm	0.000000	-1	-1	-1	
1906	3	1	1738	1758	-1	-1	-1	-1	-1	-1	Ab	4.000000	-1	-1	-1	-1	-1	-1	-1	-1	-1	-1	-1	-1	-1	-1	-1	Sm	1.000000	-1	-1	-1	
1906	3	1	1738	1758	-1	-1	-1	-1	-1	-1	Ab	4.000000	-1	-1	-1	-1	-1	-1	-1	-1	-1	-1	-1	-1	-1	-1	-1	sb	0.000000	-1	-1	-1	
1907	3	1	1751	1744	-1	-1	-1	-1	-1	-1	Ab	4.000000	-1	-1	-1	-1	-1	-1	-1	-1	-1	-1	-1	-1	-1	-1	-1	Sm	1.000000	-1	-1	-1	
1907	3	1	1751	1744	-1	-1	-1	-1	-1	-1	Ab	4.000000	-1	-1	-1	-1	-1	-1	-1	-1	-1	-1	-1	-1	-1	-1	-1	sb	0.000000	-1	-1	-1	
1910	3	1	1741	1743	-1	-1	-1	-1	-1	-1	Ab	4.000000	-1	-1	-1	-1	-1	-1	-1	-1	-1	-1	-1	-1	-1	-1	-1	Sm	1.000000	-1	-1	-1	
1910	3	1	1741	1743	-1	-1	-1	-1	-1	-1	Ab	4.000000	-1	-1	-1	-1	-1	-1	-1	-1	-1	-1	-1	-1	-1	-1	-1	sb	0.000000	-1	-1	-1	
1913	3	1	1745	1743	-1	-1	-1	-1	-1	-1	Ab	4.000000	-1	-1	-1	-1	-1	-1	-1	-1	-1	-1	-1	-1	-1	-1	-1	Sm	1.000000	-1	-1	-1	
1913	3	1	1745	1743	-1	-1	-1	-1	-1	-1	Ab	4.000000	-1	-1	-1	-1	-1	-1	-1	-1	-1	-1	-1	-1	-1	-1	-1	sb	0.000000	-1	-1	-1	
1916	3	1	1738	1768	-1	-1	-1	-1	-1	-1	Ab	4.000000	-1	-1	-1	-1	-1	-1	-1	-1	-1	-1	-1	-1	-1	-1	-1	Sm	1.000000	-1	-1	-1	
1916	3	1	1738	1768	-1	-1	-1	-1	-1	-1	Ab	4.000000	-1	-1	-1	-1	-1	-1	-1	-1	-1	-1	-1	-1	-1	-1	-1	sb	0.000000	-1	-1	-1	
1918	3	1	1769	1764	-1	-1	-1	-1	-1	-1	Ab	4.000000	-1	-1	-1	-1	-1	-1	-1	-1	-1	-1	-1	-1	-1	-1	-1	Sm	1.000000	-1	-1	-1	
1918	3	1	1769	1764	-1	-1	-1	-1	-1	-1	Ab	4.000000	-1	-1	-1	-1	-1	-1	-1	-1	-1	-1	-1	-1	-1	-1	-1	sb	0.000000	-1	-1	-1	
1919	3	1	1753	1752	-1	-1	-1	-1	-1	-1	Ab	4.000000	-1	-1	-1	-1	-1	-1	-1	-1	-1	-1	-1	-1	-1	-1	-1	Sm	1.000000	-1	-1	-1	
1919	3	1	1753	1752	-1	-1	-1	-1	-1	-1	Ab	4.000000	-1	-1	-1	-1	-1	-1	-1	-1	-1	-1	-1	-1	-1	-1	-1	sm	0.000000	-1	-1	-1	
1920	3	1	1749	1726	-1	-1	-1	-1	-1	-1	Ab	4.000000	-1	-1	-1	-1	-1	-1	-1	-1	-1	-1	-1	-1	-1	-1	-1	Sm	1.000000	-1	-1	-1	
1920	3	1	1749	1726	-1	-1	-1	-1	-1	-1	Ab	4.000000	-1	-1	-1	-1	-1	-1	-1	-1	-1	-1	-1	-1	-1	-1	-1	sb	0.000000	-1	-1	-1	
1921	3	1	1723	1750	-1	-1	-1	-1	-1	-1	Ab	4.000000	-1	-1	-1	-1	-1	-1	-1	-1	-1	-1	-1	-1	-1	-1	-1	Sm	1.000000	-1	-1	-1	
1921	3	1	1723	1750	-1	-1	-1	-1	-1	-1	Ab	4.000000	-1	-1	-1	-1	-1	-1	-1	-1	-1	-1	-1	-1	-1	-1	-1	sb	0.000000	-1	-1	-1	
1873	3	0	1769	1740	-1	-1	-1	-1	-1	-1	Ab	4.000000	-1	-1	-1	-1	-1	-1	-1	-1	-1	-1	-1	-1	-1	-1	-1	sb	0.000000	-1	-1	-1	
1873	3	0	1769	1740	-1	-1	-1	-1	-1	-1	Ab	4.000000	-1	-1	-1	-1	-1	-1	-1	-1	-1	-1	-1	-1	-1	-1	-1	sm	0.000000	-1	-1	-1	
1874	3	0	1761	1735	-1	-1	-1	-1	-1	-1	Ab	4.000000	-1	-1	-1	-1	-1	-1	-1	-1	-1	-1	-1	-1	-1	-1	-1	sb	0.000000	-1	-1	-1	
1874	3	0	1761	1735	-1	-1	-1	-1	-1	-1	Ab	4.000000	-1	-1	-1	-1	-1	-1	-1	-1	-1	-1	-1	-1	-1	-1	-1	sb	0.000000	-1	-1	-1	
1876	3	0	1728	1748	-1	-1	-1	-1	-1	-1	Ab	4.000000	-1	-1	-1	-1	-1	-1	-1	-1	-1	-1	-1	-1	-1	-1	-1	sm	0.000000	-1	-1	-1	
1876	3	0	1728	1748	-1	-1	-1	-1	-1	-1	Ab	4.000000	-1	-1	-1	-1	-1	-1	-1	-1	-1	-1	-1	-1	-1	-1	-1	sb	0.000000	-1	-1	-1	
1877	3	0	1760	1748	-1	-1	-1	-1	-1	-1	Ab	4.000000	-1	-1	-1	-1	-1	-1	-1	-1	-1	-1	-1	-1	-1	-1	-1	sb	0.000000	-1	-1	-1	
1877	3	0	1760	1748	-1	-1	-1	-1	-1	-1	Ab	4.000000	-1	-1	-1	-1	-1	-1	-1	-1	-1	-1	-1	-1	-1	-1	-1	sb	0.000000	-1	-1	-1	
1883	3	0	1769	1742	-1	-1	-1	-1	-1	-1	Ab	4.000000	-1	-1	-1	-1	-1	-1	-1	-1	-1	-1	-1	-1	-1	-1	-1	sb	0.000000	-1	-1	-1	
1883	3	0	1769	1742	-1	-1	-1	-1	-1	-1	Ab	4.000000	-1	-1	-1	-1	-1	-1	-1	-1	-1	-1	-1	-1	-1	-1	-1	sb	0.000000	-1	-1	-1	
1884	3	0	1759	1742	-1	-1	-1	-1	-1	-1	Ab	4.000000	-1	-1	-1	-1	-1	-1	-1	-1	-1	-1	-1	-1	-1	-1	-1	sm	0.000000	-1	-1	-1	
1884	3	0	1759	1742	-1	-1	-1	-1	-1	-1	Ab	4.000000	-1	-1	-1	-1	-1	-1	-1	-1	-1	-1	-1	-1	-1	-1	-1	sb	0.000000	-1	-1	-1	
1885	3	0	1746	1742	-1	-1	-1	-1	-1	-1	Ab	4.000000	-1	-1	-1	-1	-1	-1	-1	-1	-1	-1	-1	-1	-1	-1	-1	sb	0.000000	-1	-1	-1	
1885	3	0	1746	1742	-1	-1	-1	-1	-1	-1	Ab	4.000000	-1	-1	-1	-1	-1	-1	-1	-1	-1	-1	-1	-1	-1	-1	-1	sb	0.000000	-1	-1	-1	
1886	3	0	1746	1724	-1	-1	-1	-1	-1	-1	Ab	4.000000	-1	-1	-1	-1	-1	-1	-1	-1	-1	-1	-1	-1	-1	-1	-1	sb	0.000000	-1	-1	-1	
1886	3	0	1746	1724	-1	-1	-1	-1	-1	-1	Ab	4.000000	-1	-1	-1	-1	-1	-1	-1	-1	-1	-1	-1	-1	-1	-1	-1	sb	0.000000	-1	-1	-1	
1889	3	0	1749	1733	-1	-1	-1	-1	-1	-1	Ab	4.000000	-1	-1	-1	-1	-1	-1	-1	-1	-1	-1	-1	-1	-1	-1	-1	sb	0.000000	-1	-1	-1	
1889	3	0	1749	1733	-1	-1	-1	-1	-1	-1	Ab	4.000000	-1	-1	-1	-1	-1	-1	-1	-1	-1	-1	-1	-1	-1	-1	-1	sb	0.000000	-1	-1	-1	
1890	3	0	1771	1722	-1	-1	-1	-1	-1	-1	Ab	4.000000	-1	-1	-1	-1	-1	-1	-1	-1	-1	-1	-1	-1	-1	-1	-1	sb	0.000000	-1	-1	-1	
1890	3	0	1771	1722	-1	-1	-1	-1	-1	-1	Ab	4.000000	-1	-1	-1	-1	-1	-1	-1	-1	-1	-1	-1	-1	-1	-1	-1	sb	0.000000	-1	-1	-1	
1891	3	0	1746	1722	-1	-1	-1	-1	-1	-1	Ab	4.000000	-1	-1	-1	-1	-1	-1	-1	-1	-1	-1	-1	-1	-1	-1	-1	sb	0.000000	-1	-1	-1	
1891	3	0	1746	1722	-1	-1	-1	-1	-1	-1	Ab	4.000000	-1	-1	-1	-1	-1	-1	-1	-1	-1	-1	-1	-1	-1	-1	-1	sb	0.000000	-1	-1	-1	
1893	3	0	1753	1754	-1	-1	-1	-1	-1	-1	Ab	4.000000	-1	-1	-1	-1	-1	-1	-1	-1	-1	-1	-1	-1	-1	-1	-1	sm	0.000000	-1	-1	-1	
1893	3	0	1753	1754	-1	-1	-1	-1	-1	-1	Ab	4.000000	-1	-1	-1	-1	-1	-1	-1	-1	-1	-1	-1	-1	-1	-1	-1	sb	0.000000	-1	-1	-1	
1894	3	0	1765	1754	-1	-1	-1	-1	-1	-1	Ab	4.000000	-1	-1	-1	-1	-1	-1	-1	-1	-1	-1	-1	-1	-1	-1	-1	sm	0.000000	-1	-1	-1	
1894	3	0	1765	1754	-1	-1	-1	-1	-1	-1	Ab	4.000000	-1	-1	-1	-1	-1	-1	-1	-1	-1	-1	-1	-1	-1	-1	-1	sb	0.000000	-1	-1	-1	
1895	3	0	1723	1764	-1	-1	-1	-1	-1	-1	Ab	4.000000	-1	-1	-1	-1	-1	-1	-1	-1	-1	-1	-1	-1	-1	-1	-1	sb	0.000000	-1	-1	-1	
1895	3	0	1723	1764	-1	-1	-1	-1	-1	-1	Ab	4.000000	-1	-1	-1	-1	-1	-1	-1	-1	-1	-1	-1	-1	-1	-1	-1	sb	0.000000	-1	-1	-1	
1896	3	0	1755	1764	-1	-1	-1	-1	-1	-1	Ab	4.000000	-1	-1	-1	-1	-1	-1	-1	-1	-1	-1	-1	-1	-1	-1	-1	sm	0.000000	-1	-1	-1	
1896	3	0	1755	1764	-1	-1	-1	-1	-1	-1	Ab	4.000000	-1	-1	-1	-1	-1	-1	-1	-1	-1	-1	-1	-1	-1	-1	-1	sb	0.000000	-1	-1	-1	
1897	3	0	1760	1764	-1	-1	-1	-1	-1	-1	Ab	4.000000	-1	-1	-1	-1	-1	-1	-1	-1	-1	-1	-1	-1	-1	-1	-1	sb	0.000000	-1	-1	-1	
1897	3	0	1760	1764	-1	-1	-1	-1	-1	-1	Ab	4.000000	-1	-1	-1	-1	-1	-1	-1	-1	-1	-1	-1	-1	-1	-1	-1	sb	0.000000	-1	-1	-1	
1898	3	0	1737	1764	-1	-1	-1	-1	-1	-1	am	1.000000	-1	-1	-1	-1	-1	-1	-1	-1	-1	-1	-1	-1	-1	-1	-1	sb	0.000000	-1	-1	-1	
1898	3	0	1737	1764	-1	-1	-1	-1	-1	-1	Ab	4.000000	-1	-1	-1	-1	-1	-1	-1	-1	-1	-1	-1	-1	-1	-1	-1	sb	0.000000	-1	-1	-1	
1900	3	0	1723	1731	-1	-1	-1	-1	-1	-1	Ab	4.000000	-1	-1	-1	-1	-1	-1	-1	-1	-1	-1	-1	-1	-1	-1	-1	sb	0.000000	-1	-1	-1	
1900	3	0	1723	1731	-1	-1	-1	-1	-1	-1	Ab	4.000000	-1	-1	-1	-1	-1	-1	-1	-1	-1	-1	-1	-1	-1	-1	-1	sb	0.000000	-1	-1	-1	
1902	3	0	1745	1757	-1	-1	-1	-1	-1	-1	Ab	4.000000	-1	-1	-1	-1	-1	-1	-1	-1	-1	-1	-1	-1	-1	-1	-1	sm	0.000000	-1	-1	-1	
1902	3	0	1745	1757	-1	-1	-1	-1	-1	-1	Ab	4.000000	-1	-1	-1	-1	-1	-1	-1	-1	-1	-1	-1	-1	-1	-1	-1	sm	0.000000	-1	-1	-1	
1903	3	0	1747	1757	-1	-1	-1	-1	-1	-1	Ab	4.000000	-1	-1	-1	-1	-1	-1	-1	-1	-1	-1	-1	-1	-1	-1	-1	sm	0.000000	-1	-1	-1	
1903	3	0	1747	1757	-1	-1	-1	-1	-1	-1	Ab	4.000000	-1	-1	-1	-1	-1	-1	-1	-1	-1	-1	-1	-1	-1	-1	-1	sm	0.000000	-1	-1	-1	
1905	3	0	1736	1767	-1	-1	-1	-1	-1	-1	Ab	4.000000	-1	-1	-1	-1	-1	-1	-1	-1	-1	-1	-1	-1	-1	-1	-1	sb	0.000000	-1	-1	-1	
1905	3	0	1736	1767	-1	-1	-1	-1	-1	-1	Ab	4.000000	-1	-1	-1	-1	-1	-1	-1	-1	-1	-1	-1	-1	-1	-1	-1	sm	0.000000	-1	-1	-1	
1908	3	0	1759	1729	-1	-1	-1	-1	-1	-1	Ab	4.000000	-1	-1	-1	-1	-1	-1	-1	-1	-1	-1	-1	-1	-1	-1	-1	sm	0.000000	-1	-1	-1	
1908	3	0	1759	1729	-1	-1	-1	-1	-1	-1	am	1.000000	-1	-1	-1	-1	-1	-1	-1	-1	-1	-1	-1	-1	-1	-1	-1	sm	0.000000	-1	-1	-1	
1909	3	0	1736	1729	-1	-1	-1	-1	-1	-1	Ab	4.000000	-1	-1	-1	-1	-1	-1	-1	-1	-1	-1	-1	-1	-1	-1	-1	sb	0.000000	-1	-1	-1	
1909	3	0	1736	1729	-1	-1	-1	-1	-1	-1	am	1.000000	-1	-1	-1	-1	-1	-1	-1	-1	-1	-1	-1	-1	-1	-1	-1	sm	0.000000	-1	-1	-1	
1911	3	0	1738	1743	-1	-1	-1	-1	-1	-1	Ab	4.000000	-1	-1	-1	-1	-1	-1	-1	-1	-1	-1	-1	-1	-1	-1	-1	sb	0.000000	-1	-1	-1	
1911	3	0	1738	1743	-1	-1	-1	-1	-1	-1	Ab	4.000000	-1	-1	-1	-1	-1	-1	-1	-1	-1	-1	-1	-1	-1	-1	-1	sb	0.000000	-1	-1	-1	
1912	3	0	1753	1743	-1	-1	-1	-1	-1	-1	Ab	4.000000	-1	-1	-1	-1	-1	-1	-1	-1	-1	-1	-1	-1	-1	-1	-1	sm	0.000000	-1	-1	-1	
1912	3	0	1753	1743	-1	-1	-1	-1	-1	-1	Ab	4.000000	-1	-1	-1	-1	-1	-1	-1	-1	-1	-1	-1	-1	-1	-1	-1	sb	0.000000	-1	-1	-1	
1914	3	0	1741	1743	-1	-1	-1	-1	-1	-1	Ab	4.000000	-1	-1	-1	-1	-1	-1	-1	-1	-1	-1	-1	-1	-1	-1	-1	sm	0.000000	-1	-1	-1	
1914	3	0	1741	1743	-1	-1	-1	-1	-1	-1	Ab	4.000000	-1	-1	-1	-1	-1	-1	-1	-1	-1	-1	-1	-1	-1	-1	-1	sb	0.000000	-1	-1	-1	
1915	3	0	1769	1727	-1	-1	-1	-1	-1	-1	Ab	4.000000	-1	-1	-1	-1	-1	-1	-1	-1	-1	-1	-1	-1	-1	-1	-1	sb	0.000000	-1	-1	-1	
1915	3	0	1769	1727	-1	-1	-1	-1	-1	-1	Ab	4.000000	-1	-1	-1	-1	-1	-1	-1	-1	-1	-1	-1	-1	-1	-1	-1	sb	0.000000	-1	-1	-1	
1917	3	0	1745	1764	-1	-1	-1	-1	-1	-1	Ab	4.000000	-1	-1	-1	-1	-1	-1	-1	-1	-1	-1	-1	-1	-1	-1	-1	sm	0.000000	-1	-1	-1	
1917	3	0	1745	1764	-1	-1	-1	-1	-1	-1	Ab	4.000000	-1	-1	-1	-1	-1	-1	-1	-1	-1	-1	-1	-1	-1	-1	-1	sb	0.000000	-1	-1	-1	
1922	3	0	1766	1733	-1	-1	-1	-1	-1	-1	Ab	4.000000	-1	-1	-1	-1	-1	-1	-1	-1	-1	-1	-1	-1	-1	-1	-1	sb	0.000000	-1	-1	-1	
1922	3	0	1766	1733	-1	-1	-1	-1	-1	-1	Ab	4.000000	-1	-1	-1	-1	-1	-1	-1	-1	-1	-1	-1	-1	-1	-1	-1	sb	0.000000	-1	-1	-1	
1924	4	1	1778	1777	-1	-1	-1	-1	-1	-1	Ab	4.000000	-1	-1	-1	-1	-1	-1	-1	-1	-1	-1	-1	-1	-1	-1	-1	Sm	1.000000	-1	-1	-1	
1924	4	1	1778	1777	-1	-1	-1	-1	-1	-1	Ab	4.000000	-1	-1	-1	-1	-1	-1	-1	-1	-1	-1	-1	-1	-1	-1	-1	sb	0.000000	-1	-1	-1	
1925	4	1	1785	1781	-1	-1	-1	-1	-1	-1	Ab	4.000000	-1	-1	-1	-1	-1	-1	-1	-1	-1	-1	-1	-1	-1	-1	-1	Sm	1.000000	-1	-1	-1	
1925	4	1	1785	1781	-1	-1	-1	-1	-1	-1	Ab	4.000000	-1	-1	-1	-1	-1	-1	-1	-1	-1	-1	-1	-1	-1	-1	-1	sb	0.000000	-1	-1	-1	
1927	4	1	1808	1781	-1	-1	-1	-1	-1	-1	Ab	4.000000	-1	-1	-1	-1	-1	-1	-1	-1	-1	-1	-1	-1	-1	-1	-1	Sm	1.000000	-1	-1	-1	
1927	4	1	1808	1781	-1	-1	-1	-1	-1	-1	Ab	4.000000	-1	-1	-1	-1	-1	-1	-1	-1	-1	-1	-1	-1	-1	-1	-1	sb	0.000000	-1	-1	-1	
1928	4	1	1780	1817	-1	-1	-1	-1	-1	-1	Ab	4.000000	-1	-1	-1	-1	-1	-1	-1	-1	-1	-1	-1	-1	-1	-1	-1	Sm	1.000000	-1	-1	-1	
1928	4	1	1780	1817	-1	-1	-1	-1	-1	-1	Ab	4.000000	-1	-1	-1	-1	-1	-1	-1	-1	-1	-1	-1	-1	-1	-1	-1	sb	0.000000	-1	-1	-1	
1935	4	1	1808	1798	-1	-1	-1	-1	-1	-1	Ab	4.000000	-1	-1	-1	-1	-1	-1	-1	-1	-1	-1	-1	-1	-1	-1	-1	Sm	1.000000	-1	-1	-1	
1935	4	1	1808	1798	-1	-1	-1	-1	-1	-1	Ab	4.000000	-1	-1	-1	-1	-1	-1	-1	-1	-1	-1	-1	-1	-1	-1	-1	sb	0.000000	-1	-1	-1	
1936	4	1	1822	1820	-1	-1	-1	-1	-1	-1	Ab	4.000000	-1	-1	-1	-1	-1	-1	-1	-1	-1	-1	-1	-1	-1	-1	-1	Sm	1.000000	-1	-1	-1	
1936	4	1	1822	1820	-1	-1	-1	-1	-1	-1	Ab	4.000000	-1	-1	-1	-1	-1	-1	-1	-1	-1	-1	-1	-1	-1	-1	-1	sb	0.000000	-1	-1	-1	
1937	4	1	1791	1820	-1	-1	-1	-1	-1	-1	Ab	4.000000	-1	-1	-1	-1	-1	-1	-1	-1	-1	-1	-1	-1	-1	-1	-1	Sm	1.000000	-1	-1	-1	
1937	4	1	1791	1820	-1	-1	-1	-1	-1	-1	Ab	4.000000	-1	-1	-1	-1	-1	-1	-1	-1	-1	-1	-1	-1	-1	-1	-1	sb	0.000000	-1	-1	-1	
1938	4	1	1794	1796	-1	-1	-1	-1	-1	-1	Ab	4.000000	-1	-1	-1	-1	-1	-1	-1	-1	-1	-1	-1	-1	-1	-1	-1	Sm	1.000000	-1	-1	-1	
1938	4	1	1794	1796	-1	-1	-1	-1	-1	-1	Ab	4.000000	-1	-1	-1	-1	-1	-1	-1	-1	-1	-1	-1	-1	-1	-1	-1	sb	0.000000	-1	-1	-1	
1939	4	1	1816	1796	-1	-1	-1	-1	-1	-1	Ab	4.000000	-1	-1	-1	-1	-1	-1	-1	-1	-1	-1	-1	-1	-1	-1	-1	Sm	1.000000	-1	-1	-1	
1939	4	1	1816	1796	-1	-1	-1	-1	-1	-1	Ab	4.000000	-1	-1	-1	-1	-1	-1	-1	-1	-1	-1	-1	-1	-1	-1	-1	sm	0.000000	-1	-1	-1	
1942	4	1	1784	1803	-1	-1	-1	-1	-1	-1	Ab	4.000000	-1	-1	-1	-1	-1	-1	-1	-1	-1	-1	-1	-1	-1	-1	-1	Sm	1.000000	-1	-1	-1	
1942	4	1	1784	1803	-1	-1	-1	-1	-1	-1	Ab	4.000000	-1	-1	-1	-1	-1	-1	-1	-1	-1	-1	-1	-1	-1	-1	-1	sb	0.000000	-1	-1	-1	
1944	4	1	1797	1800	-1	-1	-1	-1	-1	-1	Ab	4.000000	-1	-1	-1	-1	-1	-1	-1	-1	-1	-1	-1	-1	-1	-1	-1	Sm	1.000000	-1	-1	-1	
1944	4	1	1797	1800	-1	-1	-1	-1	-1	-1	Ab	4.000000	-1	-1	-1	-1	-1	-1	-1	-1	-1	-1	-1	-1	-1	-1	-1	sm	0.000000	-1	-1	-1	
1947	4	1	1815	1775	-1	-1	-1	-1	-1	-1	Ab	4.000000	-1	-1	-1	-1	-1	-1	-1	-1	-1	-1	-1	-1	-1	-1	-1	Sm	1.000000	-1	-1	-1	
1947	4	1	1815	1775	-1	-1	-1	-1	-1	-1	Ab	4.000000	-1	-1	-1	-1	-1	-1	-1	-1	-1	-1	-1	-1	-1	-1	-1	sb	0.000000	-1	-1	-1	
1949	4	1	1794	1806	-1	-1	-1	-1	-1	-1	Ab	4.000000	-1	-1	-1	-1	-1	-1	-1	-1	-1	-1	-1	-1	-1	-1	-1	Sm	1.000000	-1	-1	-1	
1949	4	1	1794	1806	-1	-1	-1	-1	-1	-1	Ab	4.000000	-1	-1	-1	-1	-1	-1	-1	-1	-1	-1	-1	-1	-1	-1	-1	sb	0.000000	-1	-1	-1	
1950	4	1	1782	1806	-1	-1	-1	-1	-1	-1	Ab	4.000000	-1	-1	-1	-1	-1	-1	-1	-1	-1	-1	-1	-1	-1	-1	-1	Sm	1.000000	-1	-1	-1	
1950	4	1	1782	1806	-1	-1	-1	-1	-1	-1	Ab	4.000000	-1	-1	-1	-1	-1	-1	-1	-1	-1	-1	-1	-1	-1	-1	-1	sb	0.000000	-1	-1	-1	
1951	4	1	1778	1788	-1	-1	-1	-1	-1	-1	Ab	4.000000	-1	-1	-1	-1	-1	-1	-1	-1	-1	-1	-1	-1	-1	-1	-1	Sm	1.000000	-1	-1	-1	
1951	4	1	1778	1788	-1	-1	-1	-1	-1	-1	am	1.000000	-1	-1	-1	-1	-1	-1	-1	-1	-1	-1	-1	-1	-1	-1	-1	sb	0.000000	-1	-1	-1	
1952	4	1	1787	1788	-1	-1	-1	-1	-1	-1	Ab	4.000000	-1	-1	-1	-1	-1	-1	-1	-1	-1	-1	-1	-1	-1	-1	-1	Sm	1.000000	-1	-1	-1	
1952	4	1	1787	1788	-1	-1	-1	-1	-1	-1	am	1.000000	-1	-1	-1	-1	-1	-1	-1	-1	-1	-1	-1	-1	-1	-1	-1	sb	0.000000	-1	-1	-1	
1953	4	1	1797	1819	-1	-1	-1	-1	-1	-1	Ab	4.000000	-1	-1	-1	-1	-1	-1	-1	-1	-1	-1	-1	-1	-1	-1	-1	Sm	1.000000	-1	-1	-1	
1953	4	1	1797	1819	-1	-1	-1	-1	-1	-1	Ab	4.000000	-1	-1	-1	-1	-1	-1	-1	-1	-1	-1	-1	-1	-1	-1	-1	sb	0.000000	-1	-1	-1	
1954	4	1	1815	1801	-1	-1	-1	-1	-1	-1	Ab	4.000000	-1	-1	-1	-1	-1	-1	-1	-1	-1	-1	-1	-1	-1	-1	-1	Sm	1.000000	-1	-1	-1	
1954	4	1	1815	1801	-1	-1	-1	-1	-1	-1	Ab	4.000000	-1	-1	-1	-1	-1	-1	-1	-1	-1	-1	-1	-1	-1	-1	-1	sb	0.000000	-1	-1	-1	
1955	4	1	1821	1801	-1	-1	-1	-1	-1	-1	Ab	4.000000	-1	-1	-1	-1	-1	-1	-1	-1	-1	-1	-1	-1	-1	-1	-1	Sm	1.000000	-1	-1	-1	
1955	4	1	1821	1801	-1	-1	-1	-1	-1	-1	Ab	4.000000	-1	-1	-1	-1	-1	-1	-1	-1	-1	-1	-1	-1	-1	-1	-1	sb	0.000000	-1	-1	-1	
1956	4	1	1795	1801	-1	-1	-1	-1	-1	-1	am	1.000000	-1	-1	-1	-1	-1	-1	-1	-1	-1	-1	-1	-1	-1	-1	-1	Sm	1.000000	-1	-1	-1	
1956	4	1	1795	1801	-1	-1	-1	-1	-1	-1	Ab	4.000000	-1	-1	-1	-1	-1	-1	-1	-1	-1	-1	-1	-1	-1	-1	-1	sb	0.000000	-1	-1	-1	
1958	4	1	1790	1793	-1	-1	-1	-1	-1	-1	Ab	4.000000	-1	-1	-1	-1	-1	-1	-1	-1	-1	-1	-1	-1	-1	-1	-1	Sm	1.000000	-1	-1	-1	
1958	4	1	1790	1793	-1	-1	-1	-1	-1	-1	Ab	4.000000	-1	-1	-1	-1	-1	-1	-1	-1	-1	-1	-1	-1	-1	-1	-1	sb	0.000000	-1	-1	-1	
1959	4	1	1784	1793	-1	-1	-1	-1	-1	-1	Ab	4.000000	-1	-1	-1	-1	-1	-1	-1	-1	-1	-1	-1	-1	-1	-1	-1	Sm	1.000000	-1	-1	-1	
1959	4	1	1784	1793	-1	-1	-1	-1	-1	-1	Ab	4.000000	-1	-1	-1	-1	-1	-1	-1	-1	-1	-1	-1	-1	-1	-1	-1	sb	0.000000	-1	-1	-1	
1960	4	1	1787	1811	-1	-1	-1	-1	-1	-1	Ab	4.000000	-1	-1	-1	-1	-1	-1	-1	-1	-1	-1	-1	-1	-1	-1	-1	Sm	1.000000	-1	-1	-1	
1960	4	1	1787	1811	-1	-1	-1	-1	-1	-1	Ab	4.000000	-1	-1	-1	-1	-1	-1	-1	-1	-1	-1	-1	-1	-1	-1	-1	sb	0.000000	-1	-1	-1	
1961	4	1	1773	1806	-1	-1	-1	-1	-1	-1	Ab	4.000000	-1	-1	-1	-1	-1	-1	-1	-1	-1	-1	-1	-1	-1	-1	-1	Sm	1.000000	-1	-1	-1	
1961	4	1	1773	1806	-1	-1	-1	-1	-1	-1	Ab	4.000000	-1	-1	-1	-1	-1	-1	-1	-1	-1	-1	-1	-1	-1	-1	-1	sm	0.000000	-1	-1	-1	
1962	4	1	1776	1796	-1	-1	-1	-1	-1	-1	Ab	4.000000	-1	-1	-1	-1	-1	-1	-1	-1	-1	-1	-1	-1	-1	-1	-1	Sm	1.000000	-1	-1	-1	
1962	4	1	1776	1796	-1	-1	-1	-1	-1	-1	Ab	4.000000	-1	-1	-1	-1	-1	-1	-1	-1	-1	-1	-1	-1	-1	-1	-1	sb	0.000000	-1	-1	-1	
1965	4	1	1821	1777	-1	-1	-1	-1	-1	-1	Ab	4.000000	-1	-1	-1	-1	-1	-1	-1	-1	-1	-1	-1	-1	-1	-1	-1	Sm	1.000000	-1	-1	-1	
1965	4	1	1821	1777	-1	-1	-1	-1	-1	-1	Ab	4.000000	-1	-1	-1	-1	-1	-1	-1	-1	-1	-1	-1	-1	-1	-1	-1	sb	0.000000	-1	-1	-1	
1966	4	1	1785	1812	-1	-1	-1	-1	-1	-1	Ab	4.000000	-1	-1	-1	-1	-1	-1	-1	-1	-1	-1	-1	-1	-1	-1	-1	Sm	1.000000	-1	-1	-1	
1966	4	1	1785	1812	-1	-1	-1	-1	-1	-1	Ab	4.000000	-1	-1	-1	-1	-1	-1	-1	-1	-1	-1	-1	-1	-1	-1	-1	sb	0.000000	-1	-1	-1	
1967	4	1	1797	1817	-1	-1	-1	-1	-1	-1	Ab	4.000000	-1	-1	-1	-1	-1	-1	-1	-1	-1	-1	-1	-1	-1	-1	-1	Sm	1.000000	-1	-1	-1	
1967	4	1	1797	1817	-1	-1	-1	-1	-1	-1	Ab	4.000000	-1	-1	-1	-1	-1	-1	-1	-1	-1	-1	-1	-1	-1	-1	-1	sb	0.000000	-1	-1	-1	
1968	4	1	1774	1788	-1	-1	-1	-1	-1	-1	Ab	4.000000	-1	-1	-1	-1	-1	-1	-1	-1	-1	-1	-1	-1	-1	-1	-1	Sm	1.000000	-1	-1	-1	
1968	4	1	1774	1788	-1	-1	-1	-1	-1	-1	am	1.000000	-1	-1	-1	-1	-1	-1	-1	-1	-1	-1	-1	-1	-1	-1	-1	sb	0.000000	-1	-1	-1	
1971	4	1	1810	1775	-1	-1	-1	-1	-1	-1	Ab	4.000000	-1	-1	-1	-1	-1	-1	-1	-1	-1	-1	-1	-1	-1	-1	-1	Sm	1.000000	-1	-1	-1	
1971	4	1	1810	1775	-1	-1	-1	-1	-1	-1	Ab	4.000000	-1	-1	-1	-1	-1	-1	-1	-1	-1	-1	-1	-1	-1	-1	-1	sb	0.000000	-1	-1	-1	
1972	4	1	1810	1775	-1	-1	-1	-1	-1	-1	Ab	4.000000	-1	-1	-1	-1	-1	-1	-1	-1	-1	-1	-1	-1	-1	-1	-1	Sm	1.000000	-1	-1	-1	
1972	4	1	1810	1775	-1	-1	-1	-1	-1	-1	Ab	4.000000	-1	-1	-1	-1	-1	-1	-1	-1	-1	-1	-1	-1	-1	-1	-1	sb	0.000000	-1	-1	-1	
1923	4	0	1774	1793	-1	-1	-1	-1	-1	-1	Ab	4.000000	-1	-1	-1	-1	-1	-1	-1	-1	-1	-1	-1	-1	-1	-1	-1	sm	0.000000	-1	-1	-1	
1923	4	0	1774	1793	-1	-1	-1	-1	-1	-1	Ab	4.000000	-1	-1	-1	-1	-1	-1	-1	-1	-1	-1	-1	-1	-1	-1	-1	sb	0.000000	-1	-1	-1	
1926	4	0	1778	1781	-1	-1	-1	-1	-1	-1	Ab	4.000000	-1	-1	-1	-1	-1	-1	-1	-1	-1	-1	-1	-1	-1	-1	-1	sb	0.000000	-1	-1	-1	
1926	4	0	1778	1781	-1	-1	-1	-1	-1	-1	Ab	4.000000	-1	-1	-1	-1	-1	-1	-1	-1	-1	-1	-1	-1	-1	-1	-1	sb	0.000000	-1	-1	-1	
1929	4	0	1780	1818	-1	-1	-1	-1	-1	-1	Ab	4.000000	-1	-1	-1	-1	-1	-1	-1	-1	-1	-1	-1	-1	-1	-1	-1	sb	0.000000	-1	-1	-1	
1929	4	0	1780	1818	-1	-1	-1	-1	-1	-1	Ab	4.000000	-1	-1	-1	-1	-1	-1	-1	-1	-1	-1	-1	-1	-1	-1	-1	sb	0.000000	-1	-1	-1	
1930	4	0	1802	1818	-1	-1	-1	-1	-1	-1	Ab	4.000000	-1	-1	-1	-1	-1	-1	-1	-1	-1	-1	-1	-1	-1	-1	-1	sb	0.000000	-1	-1	-1	
1930	4	0	1802	1818	-1	-1	-1	-1	-1	-1	Ab	4.000000	-1	-1	-1	-1	-1	-1	-1	-1	-1	-1	-1	-1	-1	-1	-1	sb	0.000000	-1	-1	-1	
1931	4	0	1816	1799	-1	-1	-1	-1	-1	-1	am	1.000000	-1	-1	-1	-1	-1	-1	-1	-1	-1	-1	-1	-1	-1	-1	-1	sb	0.000000	-1	-1	-1	
1931	4	0	1816	1799	-1	-1	-1	-1	-1	-1	Ab	4.000000	-1	-1	-1	-1	-1	-1	-1	-1	-1	-1	-1	-1	-1	-1	-1	sb	0.000000	-1	-1	-1	
1932	4	0	1802	1799	-1	-1	-1	-1	-1	-1	Ab	4.000000	-1	-1	-1	-1	-1	-1	-1	-1	-1	-1	-1	-1	-1	-1	-1	sb	0.000000	-1	-1	-1	
1932	4	0	1802	1799	-1	-1	-1	-1	-1	-1	Ab	4.000000	-1	-1	-1	-1	-1	-1	-1	-1	-1	-1	-1	-1	-1	-1	-1	sb	0.000000	-1	-1	-1	
1933	4	0	1773	1811	-1	-1	-1	-1	-1	-1	Ab	4.000000	-1	-1	-1	-1	-1	-1	-1	-1	-1	-1	-1	-1	-1	-1	-1	sb	0.000000	-1	-1	-1	
1933	4	0	1773	1811	-1	-1	-1	-1	-1	-1	Ab	4.000000	-1	-1	-1	-1	-1	-1	-1	-1	-1	-1	-1	-1	-1	-1	-1	sb	0.000000	-1	-1	-1	
1934	4	0	1790	1811	-1	-1	-1	-1	-1	-1	Ab	4.000000	-1	-1	-1	-1	-1	-1	-1	-1	-1	-1	-1	-1	-1	-1	-1	sb	0.000000	-1	-1	-1	
1934	4	0	1790	1811	-1	-1	-1	-1	-1	-1	Ab	4.000000	-1	-1	-1	-1	-1	-1	-1	-1	-1	-1	-1	-1	-1	-1	-1	sb	0.000000	-1	-1	-1	
1940	4	0	1774	1796	-1	-1	-1	-1	-1	-1	Ab	4.000000	-1	-1	-1	-1	-1	-1	-1	-1	-1	-1	-1	-1	-1	-1	-1	sm	0.000000	-1	-1	-1	
1940	4	0	1774	1796	-1	-1	-1	-1	-1	-1	Ab	4.000000	-1	-1	-1	-1	-1	-1	-1	-1	-1	-1	-1	-1	-1	-1	-1	sm	0.000000	-1	-1	-1	
1941	4	0	1785	1803	-1	-1	-1	-1	-1	-1	Ab	4.000000	-1	-1	-1	-1	-1	-1	-1	-1	-1	-1	-1	-1	-1	-1	-1	sb	0.000000	-1	-1	-1	
1941	4	0	1785	1803	-1	-1	-1	-1	-1	-1	Ab	4.000000	-1	-1	-1	-1	-1	-1	-1	-1	-1	-1	-1	-1	-1	-1	-1	sb	0.000000	-1	-1	-1	
1943	4	0	1802	1803	-1	-1	-1	-1	-1	-1	Ab	4.000000	-1	-1	-1	-1	-1	-1	-1	-1	-1	-1	-1	-1	-1	-1	-1	sb	0.000000	-1	-1	-1	
1943	4	0	1802	1803	-1	-1	-1	-1	-1	-1	Ab	4.000000	-1	-1	-1	-1	-1	-1	-1	-1	-1	-1	-1	-1	-1	-1	-1	sb	0.000000	-1	-1	-1	
1945	4	0	1795	1800	-1	-1	-1	-1	-1	-1	Ab	4.000000	-1	-1	-1	-1	-1	-1	-1	-1	-1	-1	-1	-1	-1	-1	-1	sb	0.000000	-1	-1	-1	
1945	4	0	1795	1800	-1	-1	-1	-1	-1	-1	Ab	4.000000	-1	-1	-1	-1	-1	-1	-1	-1	-1	-1	-1	-1	-1	-1	-1	sb	0.000000	-1	-1	-1	
1946	4	0	1810	1775	-1	-1	-1	-1	-1	-1	Ab	4.000000	-1	-1	-1	-1	-1	-1	-1	-1	-1	-1	-1	-1	-1	-1	-1	sb	0.000000	-1	-1	-1	
1946	4	0	1810	1775	-1	-1	-1	-1	-1	-1	Ab	4.000000	-1	-1	-1	-1	-1	-1	-1	-1	-1	-1	-1	-1	-1	-1	-1	sb	0.000000	-1	-1	-1	
1948	4	0	1815	1779	-1	-1	-1	-1	-1	-1	Ab	4.000000	-1	-1	-1	-1	-1	-1	-1	-1	-1	-1	-1	-1	-1	-1	-1	sb	0.000000	-1	-1	-1	
1948	4	0	1815	1779	-1	-1	-1	-1	-1	-1	Ab	4.000000	-1	-1	-1	-1	-1	-1	-1	-1	-1	-1	-1	-1	-1	-1	-1	sb	0.000000	-1	-1	-1	
1957	4	0	1794	1801	-1	-1	-1	-1	-1	-1	Ab	4.000000	-1	-1	-1	-1	-1	-1	-1	-1	-1	-1	-1	-1	-1	-1	-1	sb	0.000000	-1	-1	-1	
1957	4	0	1794	1801	-1	-1	-1	-1	-1	-1	Ab	4.000000	-1	-1	-1	-1	-1	-1	-1	-1	-1	-1	-1	-1	-1	-1	-1	sb	0.000000	-1	-1	-1	
1963	4	0	1787	1820	-1	-1	-1	-1	-1	-1	Ab	4.000000	-1	-1	-1	-1	-1	-1	-1	-1	-1	-1	-1	-1	-1	-1	-1	sb	0.000000	-1	-1	-1	
1963	4	0	1787	1820	-1	-1	-1	-1	-1	-1	Ab	4.000000	-1	-1	-1	-1	-1	-1	-1	-1	-1	-1	-1	-1	-1	-1	-1	sb	0.000000	-1	-1	-1	
1964	4	0	1794	1777	-1	-1	-1	-1	-1	-1	Ab	4.000000	-1	-1	-1	-1	-1	-1	-1	-1	-1	-1	-1	-1	-1	-1	-1	sb	0.000000	-1	-1	-1	
1964	4	0	1794	1777	-1	-1	-1	-1	-1	-1	Ab	4.000000	-1	-1	-1	-1	-1	-1	-1	-1	-1	-1	-1	-1	-1	-1	-1	sb	0.000000	-1	-1	-1	
1969	4	0	1780	1788	-1	-1	-1	-1	-1	-1	Ab	4.000000	-1	-1	-1	-1	-1	-1	-1	-1	-1	-1	-1	-1	-1	-1	-1	sb	0.000000	-1	-1	-1	
1969	4	0	1780	1788	-1	-1	-1	-1	-1	-1	am	1.000000	-1	-1	-1	-1	-1	-1	-1	-1	-1	-1	-1	-1	-1	-1	-1	sb	0.000000	-1	-1	-1	
1970	4	0	1804	1799	-1	-1	-1	-1	-1	-1	Ab	4.000000	-1	-1	-1	-1	-1	-1	-1	-1	-1	-1	-1	-1	-1	-1	-1	sb	0.000000	-1	-1	-1	
1970	4	0	1804	1799	-1	-1	-1	-1	-1	-1	Ab	4.000000	-1	-1	-1	-1	-1	-1	-1	-1	-1	-1	-1	-1	-1	-1	-1	sb	0.000000	-1	-1	-1	
1974	5	1	1835	1841	-1	-1	-1	-1	-1	-1	Ab	4.000000	-1	-1	-1	-1	-1	-1	-1	-1	-1	-1	-1	-1	-1	-1	-1	Sm	1.000000	-1	-1	-1	
1974	5	1	1835	1841	-1	-1	-1	-1	-1	-1	Ab	4.000000	-1	-1	-1	-1	-1	-1	-1	-1	-1	-1	-1	-1	-1	-1	-1	sb	0.000000	-1	-1	-1	
1975	5	1	1855	1841	-1	-1	-1	-1	-1	-1	Ab	4.000000	-1	-1	-1	-1	-1	-1	-1	-1	-1	-1	-1	-1	-1	-1	-1	Sm	1.000000	-1	-1	-1	
1975	5	1	1855	1841	-1	-1	-1	-1	-1	-1	Ab	4.000000	-1	-1	-1	-1	-1	-1	-1	-1	-1	-1	-1	-1	-1	-1	-1	sb	0.000000	-1	-1	-1	
1976	5	1	1869	1841	-1	-1	-1	-1	-1	-1	Ab	4.000000	-1	-1	-1	-1	-1	-1	-1	-1	-1	-1	-1	-1	-1	-1	-1	Sm	1.000000	-1	-1	-1	
1976	5	1	1869	1841	-1	-1	-1	-1	-1	-1	Ab	4.000000	-1	-1	-1	-1	-1	-1	-1	-1	-1	-1	-1	-1	-1	-1	-1	sb	0.000000	-1	-1	-1	
1979	5	1	1864	1850	-1	-1	-1	-1	-1	-1	Ab	4.000000	-1	-1	-1	-1	-1	-1	-1	-1	-1	-1	-1	-1	-1	-1	-1	Sm	1.000000	-1	-1	-1	
1979	5	1	1864	1850	-1	-1	-1	-1	-1	-1	am	1.000000	-1	-1	-1	-1	-1	-1	-1	-1	-1	-1	-1	-1	-1	-1	-1	sm	0.000000	-1	-1	-1	
1980	5	1	1846	1854	-1	-1	-1	-1	-1	-1	Ab	4.000000	-1	-1	-1	-1	-1	-1	-1	-1	-1	-1	-1	-1	-1	-1	-1	Sm	1.000000	-1	-1	-1	
1980	5	1	1846	1854	-1	-1	-1	-1	-1	-1	Ab	4.000000	-1	-1	-1	-1	-1	-1	-1	-1	-1	-1	-1	-1	-1	-1	-1	sb	0.000000	-1	-1	-1	
1981	5	1	1864	1854	-1	-1	-1	-1	-1	-1	am	1.000000	-1	-1	-1	-1	-1	-1	-1	-1	-1	-1	-1	-1	-1	-1	-1	Sm	1.000000	-1	-1	-1	
1981	5	1	1864	1854	-1	-1	-1	-1	-1	-1	Ab	4.000000	-1	-1	-1	-1	-1	-1	-1	-1	-1	-1	-1	-1	-1	-1	-1	sb	0.000000	-1	-1	-1	
1983	5	1	1843	1840	-1	-1	-1	-1	-1	-1	Ab	4.000000	-1	-1	-1	-1	-1	-1	-1	-1	-1	-1	-1	-1	-1	-1	-1	Sm	1.000000	-1	-1	-1	
1983	5	1	1843	1840	-1	-1	-1	-1	-1	-1	Ab	4.000000	-1	-1	-1	-1	-1	-1	-1	-1	-1	-1	-1	-1	-1	-1	-1	sm	0.000000	-1	-1	-1	
1984	5	1	1825	1827	-1	-1	-1	-1	-1	-1	Ab	4.000000	-1	-1	-1	-1	-1	-1	-1	-1	-1	-1	-1	-1	-1	-1	-1	Sm	1.000000	-1	-1	-1	
1984	5	1	1825	1827	-1	-1	-1	-1	-1	-1	Ab	4.000000	-1	-1	-1	-1	-1	-1	-1	-1	-1	-1	-1	-1	-1	-1	-1	sm	0.000000	-1	-1	-1	
1985	5	1	1835	1849	-1	-1	-1	-1	-1	-1	Ab	4.000000	-1	-1	-1	-1	-1	-1	-1	-1	-1	-1	-1	-1	-1	-1	-1	Sm	1.000000	-1	-1	-1	
1985	5	1	1835	1849	-1	-1	-1	-1	-1	-1	Ab	4.000000	-1	-1	-1	-1	-1	-1	-1	-1	-1	-1	-1	-1	-1	-1	-1	sb	0.000000	-1	-1	-1	
1987	5	1	1857	1860	-1	-1	-1	-1	-1	-1	Ab	4.000000	-1	-1	-1	-1	-1	-1	-1	-1	-1	-1	-1	-1	-1	-1	-1	Sm	1.000000	-1	-1	-1	
1987	5	1	1857	1860	-1	-1	-1	-1	-1	-1	Ab	4.000000	-1	-1	-1	-1	-1	-1	-1	-1	-1	-1	-1	-1	-1	-1	-1	sm	0.000000	-1	-1	-1	
1988	5	1	1853	1860	-1	-1	-1	-1	-1	-1	am	1.000000	-1	-1	-1	-1	-1	-1	-1	-1	-1	-1	-1	-1	-1	-1	-1	Sm	1.000000	-1	-1	-1	
1988	5	1	1853	1860	-1	-1	-1	-1	-1	-1	Ab	4.000000	-1	-1	-1	-1	-1	-1	-1	-1	-1	-1	-1	-1	-1	-1	-1	sm	0.000000	-1	-1	-1	
1992	5	1	1861	1860	-1	-1	-1	-1	-1	-1	Ab	4.000000	-1	-1	-1	-1	-1	-1	-1	-1	-1	-1	-1	-1	-1	-1	-1	Sm	1.000000	-1	-1	-1	
1992	5	1	1861	1860	-1	-1	-1	-1	-1	-1	Ab	4.000000	-1	-1	-1	-1	-1	-1	-1	-1	-1	-1	-1	-1	-1	-1	-1	sm	0.000000	-1	-1	-1	
1995	5	1	1855	1848	-1	-1	-1	-1	-1	-1	am	1.000000	-1	-1	-1	-1	-1	-1	-1	-1	-1	-1	-1	-1	-1	-1	-1	Sm	1.000000	-1	-1	-1	
1995	5	1	1855	1848	-1	-1	-1	-1	-1	-1	Ab	4.000000	-1	-1	-1	-1	-1	-1	-1	-1	-1	-1	-1	-1	-1	-1	-1	sm	0.000000	-1	-1	-1	
1997	5	1	1835	1859	-1	-1	-1	-1	-1	-1	Ab	4.000000	-1	-1	-1	-1	-1	-1	-1	-1	-1	-1	-1	-1	-1	-1	-1	Sm	1.000000	-1	-1	-1	
1997	5	1	1835	1859	-1	-1	-1	-1	-1	-1	Ab	4.000000	-1	-1	-1	-1	-1	-1	-1	-1	-1	-1	-1	-1	-1	-1	-1	sb	0.000000	-1	-1	-1	
1998	5	1	1855	1859	-1	-1	-1	-1	-1	-1	Ab	4.000000	-1	-1	-1	-1	-1	-1	-1	-1	-1	-1	-1	-1	-1	-1	-1	Sm	1.000000	-1	-1	-1	
1998	5	1	1855	1859	-1	-1	-1	-1	-1	-1	Ab	4.000000	-1	-1	-1	-1	-1	-1	-1	-1	-1	-1	-1	-1	-1	-1	-1	sb	0.000000	-1	-1	-1	
2000	5	1	1869	1839	-1	-1	-1	-1	-1	-1	Ab	4.000000	-1	-1	-1	-1	-1	-1	-1	-1	-1	-1	-1	-1	-1	-1	-1	Sm	1.000000	-1	-1	-1	
2000	5	1	1869	1839	-1	-1	-1	-1	-1	-1	Ab	4.000000	-1	-1	-1	-1	-1	-1	-1	-1	-1	-1	-1	-1	-1	-1	-1	sb	0.000000	-1	-1	-1	
2005	5	1	1838	1836	-1	-1	-1	-1	-1	-1	am	1.000000	-1	-1	-1	-1	-1	-1	-1	-1	-1	-1	-1	-1	-1	-1	-1	Sm	1.000000	-1	-1	-1	
2005	5	1	1838	1836	-1	-1	-1	-1	-1	-1	Ab	4.000000	-1	-1	-1	-1	-1	-1	-1	-1	-1	-1	-1	-1	-1	-1	-1	sb	0.000000	-1	-1	-1	
2006	5	1	1833	1872	-1	-1	-1	-1	-1	-1	Ab	4.000000	-1	-1	-1	-1	-1	-1	-1	-1	-1	-1	-1	-1	-1	-1	-1	Sm	1.000000	-1	-1	-1	
2006	5	1	1833	1872	-1	-1	-1	-1	-1	-1	Ab	4.000000	-1	-1	-1	-1	-1	-1	-1	-1	-1	-1	-1	-1	-1	-1	-1	sb	0.000000	-1	-1	-1	
2007	5	1	1831	1872	-1	-1	-1	-1	-1	-1	Ab	4.000000	-1	-1	-1	-1	-1	-1	-1	-1	-1	-1	-1	-1	-1	-1	-1	Sm	1.000000	-1	-1	-1	
2007	5	1	1831	1872	-1	-1	-1	-1	-1	-1	Ab	4.000000	-1	-1	-1	-1	-1	-1	-1	-1	-1	-1	-1	-1	-1	-1	-1	sb	0.000000	-1	-1	-1	
2008	5	1	1846	1871	-1	-1	-1	-1	-1	-1	Ab	4.000000	-1	-1	-1	-1	-1	-1	-1	-1	-1	-1	-1	-1	-1	-1	-1	Sm	1.000000	-1	-1	-1	
2008	5	1	1846	1871	-1	-1	-1	-1	-1	-1	Ab	4.000000	-1	-1	-1	-1	-1	-1	-1	-1	-1	-1	-1	-1	-1	-1	-1	sb	0.000000	-1	-1	-1	
2009	5	1	1824	1863	-1	-1	-1	-1	-1	-1	Ab	4.000000	-1	-1	-1	-1	-1	-1	-1	-1	-1	-1	-1	-1	-1	-1	-1	Sm	1.000000	-1	-1	-1	
2009	5	1	1824	1863	-1	-1	-1	-1	-1	-1	Ab	4.000000	-1	-1	-1	-1	-1	-1	-1	-1	-1	-1	-1	-1	-1	-1	-1	sb	0.000000	-1	-1	-1	
2011	5	1	1847	1866	-1	-1	-1	-1	-1	-1	am	1.000000	-1	-1	-1	-1	-1	-1	-1	-1	-1	-1	-1	-1	-1	-1	-1	Sm	1.000000	-1	-1	-1	
2011	5	1	1847	1866	-1	-1	-1	-1	-1	-1	Ab	4.000000	-1	-1	-1	-1	-1	-1	-1	-1	-1	-1	-1	-1	-1	-1	-1	sm	0.000000	-1	-1	-1	
2012	5	1	1862	1826	-1	-1	-1	-1	-1	-1	Ab	4.000000	-1	-1	-1	-1	-1	-1	-1	-1	-1	-1	-1	-1	-1	-1	-1	Sm	1.000000	-1	-1	-1	
2012	5	1	1862	1826	-1	-1	-1	-1	-1	-1	Ab	4.000000	-1	-1	-1	-1	-1	-1	-1	-1	-1	-1	-1	-1	-1	-1	-1	sb	0.000000	-1	-1	-1	
2014	5	1	1831	1842	-1	-1	-1	-1	-1	-1	Ab	4.000000	-1	-1	-1	-1	-1	-1	-1	-1	-1	-1	-1	-1	-1	-1	-1	Sm	1.000000	-1	-1	-1	
2014	5	1	1831	1842	-1	-1	-1	-1	-1	-1	Ab	4.000000	-1	-1	-1	-1	-1	-1	-1	-1	-1	-1	-1	-1	-1	-1	-1	sb	0.000000	-1	-1	-1	
2018	5	1	1835	1823	-1	-1	-1	-1	-1	-1	Ab	4.000000	-1	-1	-1	-1	-1	-1	-1	-1	-1	-1	-1	-1	-1	-1	-1	Sm	1.000000	-1	-1	-1	
2018	5	1	1835	1823	-1	-1	-1	-1	-1	-1	am	1.000000	-1	-1	-1	-1	-1	-1	-1	-1	-1	-1	-1	-1	-1	-1	-1	sb	0.000000	-1	-1	-1	
2019	5	1	1865	1844	-1	-1	-1	-1	-1	-1	Ab	4.000000	-1	-1	-1	-1	-1	-1	-1	-1	-1	-1	-1	-1	-1	-1	-1	Sm	1.000000	-1	-1	-1	
2019	5	1	1865	1844	-1	-1	-1	-1	-1	-1	Ab	4.000000	-1	-1	-1	-1	-1	-1	-1	-1	-1	-1	-1	-1	-1	-1	-1	sm	0.000000	-1	-1	-1	
2020	5	1	1843	1844	-1	-1	-1	-1	-1	-1	Ab	4.000000	-1	-1	-1	-1	-1	-1	-1	-1	-1	-1	-1	-1	-1	-1	-1	Sm	1.000000	-1	-1	-1	
2020	5	1	1843	1844	-1	-1	-1	-1	-1	-1	Ab	4.000000	-1	-1	-1	-1	-1	-1	-1	-1	-1	-1	-1	-1	-1	-1	-1	sm	0.000000	-1	-1	-1	
2021	5	1	1847	1829	-1	-1	-1	-1	-1	-1	Ab	4.000000	-1	-1	-1	-1	-1	-1	-1	-1	-1	-1	-1	-1	-1	-1	-1	Sm	1.000000	-1	-1	-1	
2021	5	1	1847	1829	-1	-1	-1	-1	-1	-1	Ab	4.000000	-1	-1	-1	-1	-1	-1	-1	-1	-1	-1	-1	-1	-1	-1	-1	sb	0.000000	-1	-1	-1	
1977	5	0	1825	1834	-1	-1	-1	-1	-1	-1	Ab	4.000000	-1	-1	-1	-1	-1	-1	-1	-1	-1	-1	-1	-1	-1	-1	-1	sb	0.000000	-1	-1	-1	
1977	5	0	1825	1834	-1	-1	-1	-1	-1	-1	Ab	4.000000	-1	-1	-1	-1	-1	-1	-1	-1	-1	-1	-1	-1	-1	-1	-1	sm	0.000000	-1	-1	-1	
1978	5	0	1831	1834	-1	-1	-1	-1	-1	-1	Ab	4.000000	-1	-1	-1	-1	-1	-1	-1	-1	-1	-1	-1	-1	-1	-1	-1	sm	0.000000	-1	-1	-1	
1978	5	0	1831	1834	-1	-1	-1	-1	-1	-1	Ab	4.000000	-1	-1	-1	-1	-1	-1	-1	-1	-1	-1	-1	-1	-1	-1	-1	sm	0.000000	-1	-1	-1	
1982	5	0	1861	1840	-1	-1	-1	-1	-1	-1	Ab	4.000000	-1	-1	-1	-1	-1	-1	-1	-1	-1	-1	-1	-1	-1	-1	-1	sb	0.000000	-1	-1	-1	
1982	5	0	1861	1840	-1	-1	-1	-1	-1	-1	Ab	4.000000	-1	-1	-1	-1	-1	-1	-1	-1	-1	-1	-1	-1	-1	-1	-1	sb	0.000000	-1	-1	-1	
1986	5	0	1843	1849	-1	-1	-1	-1	-1	-1	Ab	4.000000	-1	-1	-1	-1	-1	-1	-1	-1	-1	-1	-1	-1	-1	-1	-1	sb	0.000000	-1	-1	-1	
1986	5	0	1843	1849	-1	-1	-1	-1	-1	-1	Ab	4.000000	-1	-1	-1	-1	-1	-1	-1	-1	-1	-1	-1	-1	-1	-1	-1	sb	0.000000	-1	-1	-1	
1989	5	0	1861	1860	-1	-1	-1	-1	-1	-1	Ab	4.000000	-1	-1	-1	-1	-1	-1	-1	-1	-1	-1	-1	-1	-1	-1	-1	sb	0.000000	-1	-1	-1	
1989	5	0	1861	1860	-1	-1	-1	-1	-1	-1	Ab	4.000000	-1	-1	-1	-1	-1	-1	-1	-1	-1	-1	-1	-1	-1	-1	-1	sm	0.000000	-1	-1	-1	
1990	5	0	1846	1860	-1	-1	-1	-1	-1	-1	Ab	4.000000	-1	-1	-1	-1	-1	-1	-1	-1	-1	-1	-1	-1	-1	-1	-1	sm	0.000000	-1	-1	-1	
1990	5	0	1846	1860	-1	-1	-1	-1	-1	-1	Ab	4.000000	-1	-1	-1	-1	-1	-1	-1	-1	-1	-1	-1	-1	-1	-1	-1	sm	0.000000	-1	-1	-1	
1991	5	0	1857	1860	-1	-1	-1	-1	-1	-1	Ab	4.000000	-1	-1	-1	-1	-1	-1	-1	-1	-1	-1	-1	-1	-1	-1	-1	sb	0.000000	-1	-1	-1	
1991	5	0	1857	1860	-1	-1	-1	-1	-1	-1	Ab	4.000000	-1	-1	-1	-1	-1	-1	-1	-1	-1	-1	-1	-1	-1	-1	-1	sm	0.000000	-1	-1	-1	
1993	5	0	1862	1860	-1	-1	-1	-1	-1	-1	Ab	4.000000	-1	-1	-1	-1	-1	-1	-1	-1	-1	-1	-1	-1	-1	-1	-1	sb	0.000000	-1	-1	-1	
1993	5	0	1862	1860	-1	-1	-1	-1	-1	-1	Ab	4.000000	-1	-1	-1	-1	-1	-1	-1	-1	-1	-1	-1	-1	-1	-1	-1	sm	0.000000	-1	-1	-1	
1994	5	0	1847	1848	-1	-1	-1	-1	-1	-1	am	1.000000	-1	-1	-1	-1	-1	-1	-1	-1	-1	-1	-1	-1	-1	-1	-1	sb	0.000000	-1	-1	-1	
1994	5	0	1847	1848	-1	-1	-1	-1	-1	-1	Ab	4.000000	-1	-1	-1	-1	-1	-1	-1	-1	-1	-1	-1	-1	-1	-1	-1	sm	0.000000	-1	-1	-1	
1996	5	0	1838	1848	-1	-1	-1	-1	-1	-1	am	1.000000	-1	-1	-1	-1	-1	-1	-1	-1	-1	-1	-1	-1	-1	-1	-1	sm	0.000000	-1	-1	-1	
1996	5	0	1838	1848	-1	-1	-1	-1	-1	-1	Ab	4.000000	-1	-1	-1	-1	-1	-1	-1	-1	-1	-1	-1	-1	-1	-1	-1	sm	0.000000	-1	-1	-1	
1999	5	0	1831	1859	-1	-1	-1	-1	-1	-1	Ab	4.000000	-1	-1	-1	-1	-1	-1	-1	-1	-1	-1	-1	-1	-1	-1	-1	sm	0.000000	-1	-1	-1	
1999	5	0	1831	1859	-1	-1	-1	-1	-1	-1	am	1.000000	-1	-1	-1	-1	-1	-1	-1	-1	-1	-1	-1	-1	-1	-1	-1	sb	0.000000	-1	-1	-1	
2001	5	0	1857	1839	-1	-1	-1	-1	-1	-1	Ab	4.000000	-1	-1	-1	-1	-1	-1	-1	-1	-1	-1	-1	-1	-1	-1	-1	sb	0.000000	-1	-1	-1	
2001	5	0	1857	1839	-1	-1	-1	-1	-1	-1	am	1.000000	-1	-1	-1	-1	-1	-1	-1	-1	-1	-1	-1	-1	-1	-1	-1	sb	0.000000	-1	-1	-1	
2002	5	0	1828	1839	-1	-1	-1	-1	-1	-1	Ab	4.000000	-1	-1	-1	-1	-1	-1	-1	-1	-1	-1	-1	-1	-1	-1	-1	sm	0.000000	-1	-1	-1	
2002	5	0	1828	1839	-1	-1	-1	-1	-1	-1	Ab	4.000000	-1	-1	-1	-1	-1	-1	-1	-1	-1	-1	-1	-1	-1	-1	-1	sb	0.000000	-1	-1	-1	
2003	5	0	1838	1867	-1	-1	-1	-1	-1	-1	am	1.000000	-1	-1	-1	-1	-1	-1	-1	-1	-1	-1	-1	-1	-1	-1	-1	sm	0.000000	-1	-1	-1	
2003	5	0	1838	1867	-1	-1	-1	-1	-1	-1	Ab	4.000000	-1	-1	-1	-1	-1	-1	-1	-1	-1	-1	-1	-1	-1	-1	-1	sm	0.000000	-1	-1	-1	
2004	5	0	1824	1858	-1	-1	-1	-1	-1	-1	Ab	4.000000	-1	-1	-1	-1	-1	-1	-1	-1	-1	-1	-1	-1	-1	-1	-1	sm	0.000000	-1	-1	-1	
2004	5	0	1824	1858	-1	-1	-1	-1	-1	-1	Ab	4.000000	-1	-1	-1	-1	-1	-1	-1	-1	-1	-1	-1	-1	-1	-1	-1	sm	0.000000	-1	-1	-1	
2010	5	0	1838	1866	-1	-1	-1	-1	-1	-1	Ab	4.000000	-1	-1	-1	-1	-1	-1	-1	-1	-1	-1	-1	-1	-1	-1	-1	sm	0.000000	-1	-1	-1	
2010	5	0	1838	1866	-1	-1	-1	-1	-1	-1	Ab	4.000000	-1	-1	-1	-1	-1	-1	-1	-1	-1	-1	-1	-1	-1	-1	-1	sm	0.000000	-1	-1	-1	
2013	5	0	1862	1842	-1	-1	-1	-1	-1	-1	Ab	4.000000	-1	-1	-1	-1	-1	-1	-1	-1	-1	-1	-1	-1	-1	-1	-1	sb	0.000000	-1	-1	-1	
2013	5	0	1862	1842	-1	-1	-1	-1	-1	-1	am	1.000000	-1	-1	-1	-1	-1	-1	-1	-1	-1	-1	-1	-1	-1	-1	-1	sb	0.000000	-1	-1	-1	
2015	5	0	1828	1829	-1	-1	-1	-1	-1	-1	Ab	4.000000	-1	-1	-1	-1	-1	-1	-1	-1	-1	-1	-1	-1	-1	-1	-1	sm	0.000000	-1	-1	-1	
2015	5	0	1828	1829	-1	-1	-1	-1	-1	-1	Ab	4.000000	-1	-1	-1	-1	-1	-1	-1	-1	-1	-1	-1	-1	-1	-1	-1	sb	0.000000	-1	-1	-1	
2016	5	0	1838	1829	-1	-1	-1	-1	-1	-1	Ab	4.000000	-1	-1	-1	-1	-1	-1	-1	-1	-1	-1	-1	-1	-1	-1	-1	sm	0.000000	-1	-1	-1	
2016	5	0	1838	1829	-1	-1	-1	-1	-1	-1	Ab	4.000000	-1	-1	-1	-1	-1	-1	-1	-1	-1	-1	-1	-1	-1	-1	-1	sb	0.000000	-1	-1	-1	
2017	5	0	1869	1870	-1	-1	-1	-1	-1	-1	Ab	4.000000	-1	-1	-1	-1	-1	-1	-1	-1	-1	-1	-1	-1	-1	-1	-1	sm	0.000000	-1	-1	-1	
2017	5	0	1869	1870	-1	-1	-1	-1	-1	-1	Ab	4.000000	-1	-1	-1	-1	-1	-1	-1	-1	-1	-1	-1	-1	-1	-1	-1	sm	0.000000	-1	-1	-1	
2022	5	0	1865	1871	-1	-1	-1	-1	-1	-1	Ab	4.000000	-1	-1	-1	-1	-1	-1	-1	-1	-1	-1	-1	-1	-1	-1	-1	sm	0.000000	-1	-1	-1	
2022	5	0	1865	1871	-1	-1	-1	-1	-1	-1	Ab	4.000000	-1	-1	-1	-1	-1	-1	-1	-1	-1	-1	-1	-1	-1	-1	-1	sm	0.000000	-1	-1	-1	
2023	5	0	1832	1827	-1	-1	-1	-1	-1	-1	Ab	4.000000	-1	-1	-1	-1	-1	-1	-1	-1	-1	-1	-1	-1	-1	-1	-1	sm	0.000000	-1	-1	-1	
2023	5	0	1832	1827	-1	-1	-1	-1	-1	-1	Ab	4.000000	-1	-1	-1	-1	-1	-1	-1	-1	-1	-1	-1	-1	-1	-1	-1	sm	0.000000	-1	-1	-1	
