id	pop	sex	FatherId	MotherId	Sex	incomp	
1723	3	1	1610	1603	1.000000	8.000000	
1725	3	1	1573	1603	1.000000	8.000000	
1728	3	1	1595	1608	1.000000	8.000000	
1730	3	1	1612	1599	1.000000	8.000000	
1732	3	1	1582	1584	1.000000	8.000000	
1736	3	1	1612	1597	1.000000	8.000000	
1737	3	1	1590	1597	1.000000	5.000000	
1738	3	1	1577	1574	1.000000	8.000000	
1741	3	1	1582	1594	1.000000	8.000000	
1745	3	1	1591	1569	1.000000	8.000000	
1746	3	1	1573	1618	1.000000	8.000000	
1747	3	1	1589	1618	1.000000	8.000000	
1749	3	1	1591	1587	1.000000	8.000000	
1751	3	1	1580	1585	1.000000	5.000000	
1753	3	1	1593	1615	1.000000	8.000000	
1755	3	1	1577	1615	1.000000	8.000000	
1759	3	1	1609	1613	1.000000	8.000000	
1760	3	1	1606	1613	1.000000	8.000000	
1761	3	1	1606	1613	1.000000	5.000000	
1762	3	1	1600	1613	1.000000	8.000000	
1763	3	1	1592	1611	1.000000	8.000000	
1765	3	1	1590	1611	1.000000	8.000000	
1766	3	1	1590	1611	1.000000	8.000000	
1769	3	1	1616	1581	1.000000	8.000000	
1770	3	1	1577	1586	1.000000	8.000000	
1771	3	1	1578	1602	1.000000	8.000000	
id	pop	sex	FatherId	MotherId	Sex	incomp	
1722	3	0	1578	1603	0.000000	8.000000	
1724	3	0	1591	1603	0.000000	8.000000	
1726	3	0	1572	1608	0.000000	8.000000	
1727	3	0	1577	1608	0.000000	8.000000	
1729	3	0	1571	1608	0.000000	5.000000	
1731	3	0	1578	1584	0.000000	8.000000	
1733	3	0	1609	1584	0.000000	8.000000	
1734	3	0	1593	1597	0.000000	8.000000	
1735	3	0	1572	1597	0.000000	5.000000	
1739	3	0	1591	1574	0.000000	8.000000	
1740	3	0	1607	1594	0.000000	8.000000	
1742	3	0	1600	1568	0.000000	8.000000	
1743	3	0	1575	1568	0.000000	8.000000	
1744	3	0	1572	1568	0.000000	8.000000	
1748	3	0	1592	1618	0.000000	8.000000	
1750	3	0	1607	1587	0.000000	8.000000	
1752	3	0	1616	1615	0.000000	8.000000	
1754	3	0	1577	1615	0.000000	8.000000	
1756	3	0	1609	1614	0.000000	8.000000	
1757	3	0	1575	1613	0.000000	8.000000	
1758	3	0	1592	1613	0.000000	8.000000	
1764	3	0	1596	1611	0.000000	8.000000	
1767	3	0	1612	1611	0.000000	8.000000	
1768	3	0	1571	1581	0.000000	8.000000	
id	pop	sex	FatherId	MotherId	Sex	incomp	
1773	4	1	1638	1654	1.000000	8.000000	
1774	4	1	1643	1654	1.000000	8.000000	
1776	4	1	1620	1635	1.000000	8.000000	
1778	4	1	1620	1647	1.000000	8.000000	
1780	4	1	1643	1634	1.000000	8.000000	
1782	4	1	1651	1634	1.000000	8.000000	
1784	4	1	1623	1668	1.000000	8.000000	
1785	4	1	1632	1668	1.000000	8.000000	
1786	4	1	1656	1644	1.000000	8.000000	
1787	4	1	1637	1644	1.000000	8.000000	
1789	4	1	1627	1663	1.000000	8.000000	
1790	4	1	1664	1663	1.000000	8.000000	
1791	4	1	1623	1663	1.000000	8.000000	
1792	4	1	1662	1657	1.000000	8.000000	
1794	4	1	1651	1633	1.000000	8.000000	
1795	4	1	1667	1633	1.000000	5.000000	
1797	4	1	1664	1661	1.000000	8.000000	
1802	4	1	1637	1649	1.000000	8.000000	
1804	4	1	1659	1630	1.000000	8.000000	
1805	4	1	1625	1630	1.000000	8.000000	
1807	4	1	1643	1639	1.000000	8.000000	
1808	4	1	1652	1619	1.000000	8.000000	
1809	4	1	1636	1619	1.000000	8.000000	
1810	4	1	1620	1624	1.000000	8.000000	
1813	4	1	1652	1629	1.000000	8.000000	
1814	4	1	1625	1629	1.000000	8.000000	
1815	4	1	1638	1670	1.000000	8.000000	
1816	4	1	1642	1668	1.000000	5.000000	
1821	4	1	1664	1654	1.000000	8.000000	
1822	4	1	1636	1663	1.000000	8.000000	
id	pop	sex	FatherId	MotherId	Sex	incomp	
1775	4	0	1656	1635	0.000000	8.000000	
1777	4	0	1645	1647	0.000000	8.000000	
1779	4	0	1658	1634	0.000000	8.000000	
1781	4	0	1650	1634	0.000000	8.000000	
1783	4	0	1623	1668	0.000000	8.000000	
1788	4	0	1642	1663	0.000000	5.000000	
1793	4	0	1658	1648	0.000000	8.000000	
1796	4	0	1632	1661	0.000000	8.000000	
1798	4	0	1659	1665	0.000000	8.000000	
1799	4	0	1627	1665	0.000000	8.000000	
1800	4	0	1666	1669	0.000000	8.000000	
1801	4	0	1650	1669	0.000000	8.000000	
1803	4	0	1646	1630	0.000000	8.000000	
1806	4	0	1660	1622	0.000000	8.000000	
1811	4	0	1656	1624	0.000000	8.000000	
1812	4	0	1653	1624	0.000000	8.000000	
1817	4	0	1659	1629	0.000000	8.000000	
1818	4	0	1650	1629	0.000000	8.000000	
1819	4	0	1626	1670	0.000000	8.000000	
1820	4	0	1656	1644	0.000000	8.000000	
id	pop	sex	FatherId	MotherId	Sex	incomp	
1824	5	1	1672	1706	1.000000	8.000000	
1825	5	1	1681	1696	1.000000	8.000000	
1828	5	1	1711	1682	1.000000	8.000000	
1830	5	1	1717	1677	1.000000	8.000000	
1831	5	1	1720	1686	1.000000	8.000000	
1832	5	1	1676	1686	1.000000	8.000000	
1833	5	1	1676	1695	1.000000	8.000000	
1835	5	1	1691	1713	1.000000	8.000000	
1837	5	1	1676	1689	1.000000	8.000000	
1838	5	1	1675	1689	1.000000	5.000000	
1843	5	1	1701	1698	1.000000	8.000000	
1846	5	1	1720	1716	1.000000	8.000000	
1847	5	1	1709	1716	1.000000	5.000000	
1853	5	1	1719	1721	1.000000	5.000000	
1855	5	1	1678	1688	1.000000	5.000000	
1856	5	1	1678	1688	1.000000	5.000000	
1857	5	1	1700	1687	1.000000	8.000000	
1861	5	1	1717	1680	1.000000	8.000000	
1862	5	1	1678	1680	1.000000	8.000000	
1864	5	1	1709	1718	1.000000	5.000000	
1865	5	1	1720	1710	1.000000	8.000000	
1868	5	1	1691	1698	1.000000	8.000000	
1869	5	1	1676	1714	1.000000	8.000000	
id	pop	sex	FatherId	MotherId	Sex	incomp	
1823	5	0	1672	1708	0.000000	5.000000	
1826	5	0	1676	1696	0.000000	8.000000	
1827	5	0	1702	1674	0.000000	8.000000	
1829	5	0	1717	1682	0.000000	8.000000	
1834	5	0	1703	1695	0.000000	8.000000	
1836	5	0	1690	1713	0.000000	8.000000	
1839	5	0	1707	1673	0.000000	5.000000	
1840	5	0	1679	1685	0.000000	8.000000	
1841	5	0	1675	1685	0.000000	8.000000	
1842	5	0	1701	1698	0.000000	5.000000	
1844	5	0	1701	1699	0.000000	8.000000	
1845	5	0	1694	1699	0.000000	8.000000	
1848	5	0	1701	1704	0.000000	8.000000	
1849	5	0	1691	1704	0.000000	8.000000	
1850	5	0	1709	1714	0.000000	5.000000	
1851	5	0	1703	1714	0.000000	8.000000	
1852	5	0	1684	1721	0.000000	8.000000	
1854	5	0	1717	1688	0.000000	5.000000	
1858	5	0	1702	1687	0.000000	8.000000	
1859	5	0	1719	1687	0.000000	5.000000	
1860	5	0	1679	1680	0.000000	8.000000	
1863	5	0	1707	1693	0.000000	8.000000	
1866	5	0	1719	1710	0.000000	5.000000	
1867	5	0	1679	1696	0.000000	8.000000	
1870	5	0	1720	1674	0.000000	8.000000	
1871	5	0	1676	1677	0.000000	8.000000	
1872	5	0	1678	1683	0.000000	8.000000	
