1723	3	1	1610	1603	-1	-1	-1	-1	-1	-1	Ab	4.000000	-1	-1	-1	-1	-1	-1	-1	-1	-1	-1	-1	-1	-1	-1	-1	Sm	1.000000	-1	-1	-1	
1723	3	1	1610	1603	-1	-1	-1	-1	-1	-1	Ab	4.000000	-1	-1	-1	-1	-1	-1	-1	-1	-1	-1	-1	-1	-1	-1	-1	sb	0.000000	-1	-1	-1	
1725	3	1	1573	1603	-1	-1	-1	-1	-1	-1	Ab	4.000000	-1	-1	-1	-1	-1	-1	-1	-1	-1	-1	-1	-1	-1	-1	-1	Sm	1.000000	-1	-1	-1	
1725	3	1	1573	1603	-1	-1	-1	-1	-1	-1	Ab	4.000000	-1	-1	-1	-1	-1	-1	-1	-1	-1	-1	-1	-1	-1	-1	-1	sb	0.000000	-1	-1	-1	
1728	3	1	1595	1608	-1	-1	-1	-1	-1	-1	Ab	4.000000	-1	-1	-1	-1	-1	-1	-1	-1	-1	-1	-1	-1	-1	-1	-1	Sm	1.000000	-1	-1	-1	
1728	3	1	1595	1608	-1	-1	-1	-1	-1	-1	Ab	4.000000	-1	-1	-1	-1	-1	-1	-1	-1	-1	-1	-1	-1	-1	-1	-1	sm	0.000000	-1	-1	-1	
1730	3	1	1612	1599	-1	-1	-1	-1	-1	-1	Ab	4.000000	-1	-1	-1	-1	-1	-1	-1	-1	-1	-1	-1	-1	-1	-1	-1	Sm	1.000000	-1	-1	-1	
1730	3	1	1612	1599	-1	-1	-1	-1	-1	-1	Ab	4.000000	-1	-1	-1	-1	-1	-1	-1	-1	-1	-1	-1	-1	-1	-1	-1	sb	0.000000	-1	-1	-1	
1732	3	1	1582	1584	-1	-1	-1	-1	-1	-1	Ab	4.000000	-1	-1	-1	-1	-1	-1	-1	-1	-1	-1	-1	-1	-1	-1	-1	Sm	1.000000	-1	-1	-1	
1732	3	1	1582	1584	-1	-1	-1	-1	-1	-1	Ab	4.000000	-1	-1	-1	-1	-1	-1	-1	-1	-1	-1	-1	-1	-1	-1	-1	sm	0.000000	-1	-1	-1	
1736	3	1	1612	1597	-1	-1	-1	-1	-1	-1	Ab	4.000000	-1	-1	-1	-1	-1	-1	-1	-1	-1	-1	-1	-1	-1	-1	-1	Sm	1.000000	-1	-1	-1	
1736	3	1	1612	1597	-1	-1	-1	-1	-1	-1	Ab	4.000000	-1	-1	-1	-1	-1	-1	-1	-1	-1	-1	-1	-1	-1	-1	-1	sb	0.000000	-1	-1	-1	
1737	3	1	1590	1597	-1	-1	-1	-1	-1	-1	Ab	4.000000	-1	-1	-1	-1	-1	-1	-1	-1	-1	-1	-1	-1	-1	-1	-1	Sm	1.000000	-1	-1	-1	
1737	3	1	1590	1597	-1	-1	-1	-1	-1	-1	am	1.000000	-1	-1	-1	-1	-1	-1	-1	-1	-1	-1	-1	-1	-1	-1	-1	sb	0.000000	-1	-1	-1	
1738	3	1	1577	1574	-1	-1	-1	-1	-1	-1	Ab	4.000000	-1	-1	-1	-1	-1	-1	-1	-1	-1	-1	-1	-1	-1	-1	-1	Sm	1.000000	-1	-1	-1	
1738	3	1	1577	1574	-1	-1	-1	-1	-1	-1	Ab	4.000000	-1	-1	-1	-1	-1	-1	-1	-1	-1	-1	-1	-1	-1	-1	-1	sb	0.000000	-1	-1	-1	
1741	3	1	1582	1594	-1	-1	-1	-1	-1	-1	Ab	4.000000	-1	-1	-1	-1	-1	-1	-1	-1	-1	-1	-1	-1	-1	-1	-1	Sm	1.000000	-1	-1	-1	
1741	3	1	1582	1594	-1	-1	-1	-1	-1	-1	Ab	4.000000	-1	-1	-1	-1	-1	-1	-1	-1	-1	-1	-1	-1	-1	-1	-1	sm	0.000000	-1	-1	-1	
1745	3	1	1591	1569	-1	-1	-1	-1	-1	-1	Ab	4.000000	-1	-1	-1	-1	-1	-1	-1	-1	-1	-1	-1	-1	-1	-1	-1	Sm	1.000000	-1	-1	-1	
1745	3	1	1591	1569	-1	-1	-1	-1	-1	-1	Ab	4.000000	-1	-1	-1	-1	-1	-1	-1	-1	-1	-1	-1	-1	-1	-1	-1	sm	0.000000	-1	-1	-1	
1746	3	1	1573	1618	-1	-1	-1	-1	-1	-1	Ab	4.000000	-1	-1	-1	-1	-1	-1	-1	-1	-1	-1	-1	-1	-1	-1	-1	Sm	1.000000	-1	-1	-1	
1746	3	1	1573	1618	-1	-1	-1	-1	-1	-1	Ab	4.000000	-1	-1	-1	-1	-1	-1	-1	-1	-1	-1	-1	-1	-1	-1	-1	sb	0.000000	-1	-1	-1	
1747	3	1	1589	1618	-1	-1	-1	-1	-1	-1	Ab	4.000000	-1	-1	-1	-1	-1	-1	-1	-1	-1	-1	-1	-1	-1	-1	-1	Sm	1.000000	-1	-1	-1	
1747	3	1	1589	1618	-1	-1	-1	-1	-1	-1	Ab	4.000000	-1	-1	-1	-1	-1	-1	-1	-1	-1	-1	-1	-1	-1	-1	-1	sm	0.000000	-1	-1	-1	
1749	3	1	1591	1587	-1	-1	-1	-1	-1	-1	Ab	4.000000	-1	-1	-1	-1	-1	-1	-1	-1	-1	-1	-1	-1	-1	-1	-1	Sm	1.000000	-1	-1	-1	
1749	3	1	1591	1587	-1	-1	-1	-1	-1	-1	Ab	4.000000	-1	-1	-1	-1	-1	-1	-1	-1	-1	-1	-1	-1	-1	-1	-1	sb	0.000000	-1	-1	-1	
1751	3	1	1580	1585	-1	-1	-1	-1	-1	-1	Ab	4.000000	-1	-1	-1	-1	-1	-1	-1	-1	-1	-1	-1	-1	-1	-1	-1	Sm	1.000000	-1	-1	-1	
1751	3	1	1580	1585	-1	-1	-1	-1	-1	-1	am	1.000000	-1	-1	-1	-1	-1	-1	-1	-1	-1	-1	-1	-1	-1	-1	-1	sm	0.000000	-1	-1	-1	
1753	3	1	1593	1615	-1	-1	-1	-1	-1	-1	Ab	4.000000	-1	-1	-1	-1	-1	-1	-1	-1	-1	-1	-1	-1	-1	-1	-1	Sm	1.000000	-1	-1	-1	
1753	3	1	1593	1615	-1	-1	-1	-1	-1	-1	Ab	4.000000	-1	-1	-1	-1	-1	-1	-1	-1	-1	-1	-1	-1	-1	-1	-1	sm	0.000000	-1	-1	-1	
1755	3	1	1577	1615	-1	-1	-1	-1	-1	-1	Ab	4.000000	-1	-1	-1	-1	-1	-1	-1	-1	-1	-1	-1	-1	-1	-1	-1	Sm	1.000000	-1	-1	-1	
1755	3	1	1577	1615	-1	-1	-1	-1	-1	-1	Ab	4.000000	-1	-1	-1	-1	-1	-1	-1	-1	-1	-1	-1	-1	-1	-1	-1	sm	0.000000	-1	-1	-1	
1759	3	1	1609	1613	-1	-1	-1	-1	-1	-1	Ab	4.000000	-1	-1	-1	-1	-1	-1	-1	-1	-1	-1	-1	-1	-1	-1	-1	Sm	1.000000	-1	-1	-1	
1759	3	1	1609	1613	-1	-1	-1	-1	-1	-1	Ab	4.000000	-1	-1	-1	-1	-1	-1	-1	-1	-1	-1	-1	-1	-1	-1	-1	sm	0.000000	-1	-1	-1	
1760	3	1	1606	1613	-1	-1	-1	-1	-1	-1	Ab	4.000000	-1	-1	-1	-1	-1	-1	-1	-1	-1	-1	-1	-1	-1	-1	-1	Sm	1.000000	-1	-1	-1	
1760	3	1	1606	1613	-1	-1	-1	-1	-1	-1	Ab	4.000000	-1	-1	-1	-1	-1	-1	-1	-1	-1	-1	-1	-1	-1	-1	-1	sb	0.000000	-1	-1	-1	
1761	3	1	1606	1613	-1	-1	-1	-1	-1	-1	am	1.000000	-1	-1	-1	-1	-1	-1	-1	-1	-1	-1	-1	-1	-1	-1	-1	Sm	1.000000	-1	-1	-1	
1761	3	1	1606	1613	-1	-1	-1	-1	-1	-1	Ab	4.000000	-1	-1	-1	-1	-1	-1	-1	-1	-1	-1	-1	-1	-1	-1	-1	sb	0.000000	-1	-1	-1	
1762	3	1	1600	1613	-1	-1	-1	-1	-1	-1	Ab	4.000000	-1	-1	-1	-1	-1	-1	-1	-1	-1	-1	-1	-1	-1	-1	-1	Sm	1.000000	-1	-1	-1	
1762	3	1	1600	1613	-1	-1	-1	-1	-1	-1	Ab	4.000000	-1	-1	-1	-1	-1	-1	-1	-1	-1	-1	-1	-1	-1	-1	-1	sb	0.000000	-1	-1	-1	
1763	3	1	1592	1611	-1	-1	-1	-1	-1	-1	Ab	4.000000	-1	-1	-1	-1	-1	-1	-1	-1	-1	-1	-1	-1	-1	-1	-1	Sm	1.000000	-1	-1	-1	
1763	3	1	1592	1611	-1	-1	-1	-1	-1	-1	Ab	4.000000	-1	-1	-1	-1	-1	-1	-1	-1	-1	-1	-1	-1	-1	-1	-1	sb	0.000000	-1	-1	-1	
1765	3	1	1590	1611	-1	-1	-1	-1	-1	-1	Ab	4.000000	-1	-1	-1	-1	-1	-1	-1	-1	-1	-1	-1	-1	-1	-1	-1	Sm	1.000000	-1	-1	-1	
1765	3	1	1590	1611	-1	-1	-1	-1	-1	-1	Ab	4.000000	-1	-1	-1	-1	-1	-1	-1	-1	-1	-1	-1	-1	-1	-1	-1	sm	0.000000	-1	-1	-1	
1766	3	1	1590	1611	-1	-1	-1	-1	-1	-1	Ab	4.000000	-1	-1	-1	-1	-1	-1	-1	-1	-1	-1	-1	-1	-1	-1	-1	Sm	1.000000	-1	-1	-1	
1766	3	1	1590	1611	-1	-1	-1	-1	-1	-1	Ab	4.000000	-1	-1	-1	-1	-1	-1	-1	-1	-1	-1	-1	-1	-1	-1	-1	sb	0.000000	-1	-1	-1	
1769	3	1	1616	1581	-1	-1	-1	-1	-1	-1	Ab	4.000000	-1	-1	-1	-1	-1	-1	-1	-1	-1	-1	-1	-1	-1	-1	-1	Sm	1.000000	-1	-1	-1	
1769	3	1	1616	1581	-1	-1	-1	-1	-1	-1	Ab	4.000000	-1	-1	-1	-1	-1	-1	-1	-1	-1	-1	-1	-1	-1	-1	-1	sb	0.000000	-1	-1	-1	
1770	3	1	1577	1586	-1	-1	-1	-1	-1	-1	Ab	4.000000	-1	-1	-1	-1	-1	-1	-1	-1	-1	-1	-1	-1	-1	-1	-1	Sm	1.000000	-1	-1	-1	
1770	3	1	1577	1586	-1	-1	-1	-1	-1	-1	Ab	4.000000	-1	-1	-1	-1	-1	-1	-1	-1	-1	-1	-1	-1	-1	-1	-1	sm	0.000000	-1	-1	-1	
1771	3	1	1578	1602	-1	-1	-1	-1	-1	-1	Ab	4.000000	-1	-1	-1	-1	-1	-1	-1	-1	-1	-1	-1	-1	-1	-1	-1	Sm	1.000000	-1	-1	-1	
1771	3	1	1578	1602	-1	-1	-1	-1	-1	-1	Ab	4.000000	-1	-1	-1	-1	-1	-1	-1	-1	-1	-1	-1	-1	-1	-1	-1	sb	0.000000	-1	-1	-1	
1722	3	0	1578	1603	-1	-1	-1	-1	-1	-1	Ab	4.000000	-1	-1	-1	-1	-1	-1	-1	-1	-1	-1	-1	-1	-1	-1	-1	sb	0.000000	-1	-1	-1	
1722	3	0	1578	1603	-1	-1	-1	-1	-1	-1	Ab	4.000000	-1	-1	-1	-1	-1	-1	-1	-1	-1	-1	-1	-1	-1	-1	-1	sb	0.000000	-1	-1	-1	
1724	3	0	1591	1603	-1	-1	-1	-1	-1	-1	Ab	4.000000	-1	-1	-1	-1	-1	-1	-1	-1	-1	-1	-1	-1	-1	-1	-1	sm	0.000000	-1	-1	-1	
1724	3	0	1591	1603	-1	-1	-1	-1	-1	-1	Ab	4.000000	-1	-1	-1	-1	-1	-1	-1	-1	-1	-1	-1	-1	-1	-1	-1	sb	0.000000	-1	-1	-1	
1726	3	0	1572	1608	-1	-1	-1	-1	-1	-1	Ab	4.000000	-1	-1	-1	-1	-1	-1	-1	-1	-1	-1	-1	-1	-1	-1	-1	sb	0.000000	-1	-1	-1	
1726	3	0	1572	1608	-1	-1	-1	-1	-1	-1	Ab	4.000000	-1	-1	-1	-1	-1	-1	-1	-1	-1	-1	-1	-1	-1	-1	-1	sb	0.000000	-1	-1	-1	
1727	3	0	1577	1608	-1	-1	-1	-1	-1	-1	Ab	4.000000	-1	-1	-1	-1	-1	-1	-1	-1	-1	-1	-1	-1	-1	-1	-1	sb	0.000000	-1	-1	-1	
1727	3	0	1577	1608	-1	-1	-1	-1	-1	-1	Ab	4.000000	-1	-1	-1	-1	-1	-1	-1	-1	-1	-1	-1	-1	-1	-1	-1	sm	0.000000	-1	-1	-1	
1729	3	0	1571	1608	-1	-1	-1	-1	-1	-1	am	1.000000	-1	-1	-1	-1	-1	-1	-1	-1	-1	-1	-1	-1	-1	-1	-1	sm	0.000000	-1	-1	-1	
1729	3	0	1571	1608	-1	-1	-1	-1	-1	-1	Ab	4.000000	-1	-1	-1	-1	-1	-1	-1	-1	-1	-1	-1	-1	-1	-1	-1	sm	0.000000	-1	-1	-1	
1731	3	0	1578	1584	-1	-1	-1	-1	-1	-1	Ab	4.000000	-1	-1	-1	-1	-1	-1	-1	-1	-1	-1	-1	-1	-1	-1	-1	sb	0.000000	-1	-1	-1	
1731	3	0	1578	1584	-1	-1	-1	-1	-1	-1	Ab	4.000000	-1	-1	-1	-1	-1	-1	-1	-1	-1	-1	-1	-1	-1	-1	-1	sb	0.000000	-1	-1	-1	
1733	3	0	1609	1584	-1	-1	-1	-1	-1	-1	Ab	4.000000	-1	-1	-1	-1	-1	-1	-1	-1	-1	-1	-1	-1	-1	-1	-1	sb	0.000000	-1	-1	-1	
1733	3	0	1609	1584	-1	-1	-1	-1	-1	-1	Ab	4.000000	-1	-1	-1	-1	-1	-1	-1	-1	-1	-1	-1	-1	-1	-1	-1	sb	0.000000	-1	-1	-1	
1734	3	0	1593	1597	-1	-1	-1	-1	-1	-1	Ab	4.000000	-1	-1	-1	-1	-1	-1	-1	-1	-1	-1	-1	-1	-1	-1	-1	sb	0.000000	-1	-1	-1	
1734	3	0	1593	1597	-1	-1	-1	-1	-1	-1	Ab	4.000000	-1	-1	-1	-1	-1	-1	-1	-1	-1	-1	-1	-1	-1	-1	-1	sb	0.000000	-1	-1	-1	
1735	3	0	1572	1597	-1	-1	-1	-1	-1	-1	Ab	4.000000	-1	-1	-1	-1	-1	-1	-1	-1	-1	-1	-1	-1	-1	-1	-1	sb	0.000000	-1	-1	-1	
1735	3	0	1572	1597	-1	-1	-1	-1	-1	-1	am	1.000000	-1	-1	-1	-1	-1	-1	-1	-1	-1	-1	-1	-1	-1	-1	-1	sb	0.000000	-1	-1	-1	
1739	3	0	1591	1574	-1	-1	-1	-1	-1	-1	Ab	4.000000	-1	-1	-1	-1	-1	-1	-1	-1	-1	-1	-1	-1	-1	-1	-1	sm	0.000000	-1	-1	-1	
1739	3	0	1591	1574	-1	-1	-1	-1	-1	-1	Ab	4.000000	-1	-1	-1	-1	-1	-1	-1	-1	-1	-1	-1	-1	-1	-1	-1	sb	0.000000	-1	-1	-1	
1740	3	0	1607	1594	-1	-1	-1	-1	-1	-1	Ab	4.000000	-1	-1	-1	-1	-1	-1	-1	-1	-1	-1	-1	-1	-1	-1	-1	sm	0.000000	-1	-1	-1	
1740	3	0	1607	1594	-1	-1	-1	-1	-1	-1	Ab	4.000000	-1	-1	-1	-1	-1	-1	-1	-1	-1	-1	-1	-1	-1	-1	-1	sm	0.000000	-1	-1	-1	
1742	3	0	1600	1568	-1	-1	-1	-1	-1	-1	Ab	4.000000	-1	-1	-1	-1	-1	-1	-1	-1	-1	-1	-1	-1	-1	-1	-1	sb	0.000000	-1	-1	-1	
1742	3	0	1600	1568	-1	-1	-1	-1	-1	-1	Ab	4.000000	-1	-1	-1	-1	-1	-1	-1	-1	-1	-1	-1	-1	-1	-1	-1	sb	0.000000	-1	-1	-1	
1743	3	0	1575	1568	-1	-1	-1	-1	-1	-1	Ab	4.000000	-1	-1	-1	-1	-1	-1	-1	-1	-1	-1	-1	-1	-1	-1	-1	sb	0.000000	-1	-1	-1	
1743	3	0	1575	1568	-1	-1	-1	-1	-1	-1	Ab	4.000000	-1	-1	-1	-1	-1	-1	-1	-1	-1	-1	-1	-1	-1	-1	-1	sb	0.000000	-1	-1	-1	
1744	3	0	1572	1568	-1	-1	-1	-1	-1	-1	Ab	4.000000	-1	-1	-1	-1	-1	-1	-1	-1	-1	-1	-1	-1	-1	-1	-1	sb	0.000000	-1	-1	-1	
1744	3	0	1572	1568	-1	-1	-1	-1	-1	-1	Ab	4.000000	-1	-1	-1	-1	-1	-1	-1	-1	-1	-1	-1	-1	-1	-1	-1	sb	0.000000	-1	-1	-1	
1748	3	0	1592	1618	-1	-1	-1	-1	-1	-1	Ab	4.000000	-1	-1	-1	-1	-1	-1	-1	-1	-1	-1	-1	-1	-1	-1	-1	sb	0.000000	-1	-1	-1	
1748	3	0	1592	1618	-1	-1	-1	-1	-1	-1	Ab	4.000000	-1	-1	-1	-1	-1	-1	-1	-1	-1	-1	-1	-1	-1	-1	-1	sm	0.000000	-1	-1	-1	
1750	3	0	1607	1587	-1	-1	-1	-1	-1	-1	Ab	4.000000	-1	-1	-1	-1	-1	-1	-1	-1	-1	-1	-1	-1	-1	-1	-1	sm	0.000000	-1	-1	-1	
1750	3	0	1607	1587	-1	-1	-1	-1	-1	-1	Ab	4.000000	-1	-1	-1	-1	-1	-1	-1	-1	-1	-1	-1	-1	-1	-1	-1	sb	0.000000	-1	-1	-1	
1752	3	0	1616	1615	-1	-1	-1	-1	-1	-1	Ab	4.000000	-1	-1	-1	-1	-1	-1	-1	-1	-1	-1	-1	-1	-1	-1	-1	sb	0.000000	-1	-1	-1	
1752	3	0	1616	1615	-1	-1	-1	-1	-1	-1	Ab	4.000000	-1	-1	-1	-1	-1	-1	-1	-1	-1	-1	-1	-1	-1	-1	-1	sm	0.000000	-1	-1	-1	
1754	3	0	1577	1615	-1	-1	-1	-1	-1	-1	Ab	4.000000	-1	-1	-1	-1	-1	-1	-1	-1	-1	-1	-1	-1	-1	-1	-1	sb	0.000000	-1	-1	-1	
1754	3	0	1577	1615	-1	-1	-1	-1	-1	-1	Ab	4.000000	-1	-1	-1	-1	-1	-1	-1	-1	-1	-1	-1	-1	-1	-1	-1	sb	0.000000	-1	-1	-1	
1756	3	0	1609	1614	-1	-1	-1	-1	-1	-1	Ab	4.000000	-1	-1	-1	-1	-1	-1	-1	-1	-1	-1	-1	-1	-1	-1	-1	sb	0.000000	-1	-1	-1	
1756	3	0	1609	1614	-1	-1	-1	-1	-1	-1	Ab	4.000000	-1	-1	-1	-1	-1	-1	-1	-1	-1	-1	-1	-1	-1	-1	-1	sm	0.000000	-1	-1	-1	
1757	3	0	1575	1613	-1	-1	-1	-1	-1	-1	Ab	4.000000	-1	-1	-1	-1	-1	-1	-1	-1	-1	-1	-1	-1	-1	-1	-1	sb	0.000000	-1	-1	-1	
1757	3	0	1575	1613	-1	-1	-1	-1	-1	-1	Ab	4.000000	-1	-1	-1	-1	-1	-1	-1	-1	-1	-1	-1	-1	-1	-1	-1	sm	0.000000	-1	-1	-1	
1758	3	0	1592	1613	-1	-1	-1	-1	-1	-1	Ab	4.000000	-1	-1	-1	-1	-1	-1	-1	-1	-1	-1	-1	-1	-1	-1	-1	sb	0.000000	-1	-1	-1	
1758	3	0	1592	1613	-1	-1	-1	-1	-1	-1	Ab	4.000000	-1	-1	-1	-1	-1	-1	-1	-1	-1	-1	-1	-1	-1	-1	-1	sb	0.000000	-1	-1	-1	
1764	3	0	1596	1611	-1	-1	-1	-1	-1	-1	Ab	4.000000	-1	-1	-1	-1	-1	-1	-1	-1	-1	-1	-1	-1	-1	-1	-1	sb	0.000000	-1	-1	-1	
1764	3	0	1596	1611	-1	-1	-1	-1	-1	-1	Ab	4.000000	-1	-1	-1	-1	-1	-1	-1	-1	-1	-1	-1	-1	-1	-1	-1	sb	0.000000	-1	-1	-1	
1767	3	0	1612	1611	-1	-1	-1	-1	-1	-1	Ab	4.000000	-1	-1	-1	-1	-1	-1	-1	-1	-1	-1	-1	-1	-1	-1	-1	sm	0.000000	-1	-1	-1	
1767	3	0	1612	1611	-1	-1	-1	-1	-1	-1	Ab	4.000000	-1	-1	-1	-1	-1	-1	-1	-1	-1	-1	-1	-1	-1	-1	-1	sm	0.000000	-1	-1	-1	
1768	3	0	1571	1581	-1	-1	-1	-1	-1	-1	Ab	4.000000	-1	-1	-1	-1	-1	-1	-1	-1	-1	-1	-1	-1	-1	-1	-1	sm	0.000000	-1	-1	-1	
1768	3	0	1571	1581	-1	-1	-1	-1	-1	-1	Ab	4.000000	-1	-1	-1	-1	-1	-1	-1	-1	-1	-1	-1	-1	-1	-1	-1	sb	0.000000	-1	-1	-1	
1773	4	1	1638	1654	-1	-1	-1	-1	-1	-1	Ab	4.000000	-1	-1	-1	-1	-1	-1	-1	-1	-1	-1	-1	-1	-1	-1	-1	Sm	1.000000	-1	-1	-1	
1773	4	1	1638	1654	-1	-1	-1	-1	-1	-1	Ab	4.000000	-1	-1	-1	-1	-1	-1	-1	-1	-1	-1	-1	-1	-1	-1	-1	sb	0.000000	-1	-1	-1	
1774	4	1	1643	1654	-1	-1	-1	-1	-1	-1	Ab	4.000000	-1	-1	-1	-1	-1	-1	-1	-1	-1	-1	-1	-1	-1	-1	-1	Sm	1.000000	-1	-1	-1	
1774	4	1	1643	1654	-1	-1	-1	-1	-1	-1	Ab	4.000000	-1	-1	-1	-1	-1	-1	-1	-1	-1	-1	-1	-1	-1	-1	-1	sm	0.000000	-1	-1	-1	
1776	4	1	1620	1635	-1	-1	-1	-1	-1	-1	Ab	4.000000	-1	-1	-1	-1	-1	-1	-1	-1	-1	-1	-1	-1	-1	-1	-1	Sm	1.000000	-1	-1	-1	
1776	4	1	1620	1635	-1	-1	-1	-1	-1	-1	Ab	4.000000	-1	-1	-1	-1	-1	-1	-1	-1	-1	-1	-1	-1	-1	-1	-1	sb	0.000000	-1	-1	-1	
1778	4	1	1620	1647	-1	-1	-1	-1	-1	-1	Ab	4.000000	-1	-1	-1	-1	-1	-1	-1	-1	-1	-1	-1	-1	-1	-1	-1	Sm	1.000000	-1	-1	-1	
1778	4	1	1620	1647	-1	-1	-1	-1	-1	-1	Ab	4.000000	-1	-1	-1	-1	-1	-1	-1	-1	-1	-1	-1	-1	-1	-1	-1	sb	0.000000	-1	-1	-1	
1780	4	1	1643	1634	-1	-1	-1	-1	-1	-1	Ab	4.000000	-1	-1	-1	-1	-1	-1	-1	-1	-1	-1	-1	-1	-1	-1	-1	Sm	1.000000	-1	-1	-1	
1780	4	1	1643	1634	-1	-1	-1	-1	-1	-1	Ab	4.000000	-1	-1	-1	-1	-1	-1	-1	-1	-1	-1	-1	-1	-1	-1	-1	sb	0.000000	-1	-1	-1	
1782	4	1	1651	1634	-1	-1	-1	-1	-1	-1	Ab	4.000000	-1	-1	-1	-1	-1	-1	-1	-1	-1	-1	-1	-1	-1	-1	-1	Sm	1.000000	-1	-1	-1	
1782	4	1	1651	1634	-1	-1	-1	-1	-1	-1	Ab	4.000000	-1	-1	-1	-1	-1	-1	-1	-1	-1	-1	-1	-1	-1	-1	-1	sb	0.000000	-1	-1	-1	
1784	4	1	1623	1668	-1	-1	-1	-1	-1	-1	Ab	4.000000	-1	-1	-1	-1	-1	-1	-1	-1	-1	-1	-1	-1	-1	-1	-1	Sm	1.000000	-1	-1	-1	
1784	4	1	1623	1668	-1	-1	-1	-1	-1	-1	Ab	4.000000	-1	-1	-1	-1	-1	-1	-1	-1	-1	-1	-1	-1	-1	-1	-1	sb	0.000000	-1	-1	-1	
1785	4	1	1632	1668	-1	-1	-1	-1	-1	-1	Ab	4.000000	-1	-1	-1	-1	-1	-1	-1	-1	-1	-1	-1	-1	-1	-1	-1	Sm	1.000000	-1	-1	-1	
1785	4	1	1632	1668	-1	-1	-1	-1	-1	-1	Ab	4.000000	-1	-1	-1	-1	-1	-1	-1	-1	-1	-1	-1	-1	-1	-1	-1	sb	0.000000	-1	-1	-1	
1786	4	1	1656	1644	-1	-1	-1	-1	-1	-1	Ab	4.000000	-1	-1	-1	-1	-1	-1	-1	-1	-1	-1	-1	-1	-1	-1	-1	Sm	1.000000	-1	-1	-1	
1786	4	1	1656	1644	-1	-1	-1	-1	-1	-1	Ab	4.000000	-1	-1	-1	-1	-1	-1	-1	-1	-1	-1	-1	-1	-1	-1	-1	sb	0.000000	-1	-1	-1	
1787	4	1	1637	1644	-1	-1	-1	-1	-1	-1	Ab	4.000000	-1	-1	-1	-1	-1	-1	-1	-1	-1	-1	-1	-1	-1	-1	-1	Sm	1.000000	-1	-1	-1	
1787	4	1	1637	1644	-1	-1	-1	-1	-1	-1	Ab	4.000000	-1	-1	-1	-1	-1	-1	-1	-1	-1	-1	-1	-1	-1	-1	-1	sb	0.000000	-1	-1	-1	
1789	4	1	1627	1663	-1	-1	-1	-1	-1	-1	Ab	4.000000	-1	-1	-1	-1	-1	-1	-1	-1	-1	-1	-1	-1	-1	-1	-1	Sm	1.000000	-1	-1	-1	
1789	4	1	1627	1663	-1	-1	-1	-1	-1	-1	Ab	4.000000	-1	-1	-1	-1	-1	-1	-1	-1	-1	-1	-1	-1	-1	-1	-1	sb	0.000000	-1	-1	-1	
1790	4	1	1664	1663	-1	-1	-1	-1	-1	-1	Ab	4.000000	-1	-1	-1	-1	-1	-1	-1	-1	-1	-1	-1	-1	-1	-1	-1	Sm	1.000000	-1	-1	-1	
1790	4	1	1664	1663	-1	-1	-1	-1	-1	-1	Ab	4.000000	-1	-1	-1	-1	-1	-1	-1	-1	-1	-1	-1	-1	-1	-1	-1	sb	0.000000	-1	-1	-1	
1791	4	1	1623	1663	-1	-1	-1	-1	-1	-1	Ab	4.000000	-1	-1	-1	-1	-1	-1	-1	-1	-1	-1	-1	-1	-1	-1	-1	Sm	1.000000	-1	-1	-1	
1791	4	1	1623	1663	-1	-1	-1	-1	-1	-1	Ab	4.000000	-1	-1	-1	-1	-1	-1	-1	-1	-1	-1	-1	-1	-1	-1	-1	sb	0.000000	-1	-1	-1	
1792	4	1	1662	1657	-1	-1	-1	-1	-1	-1	Ab	4.000000	-1	-1	-1	-1	-1	-1	-1	-1	-1	-1	-1	-1	-1	-1	-1	Sm	1.000000	-1	-1	-1	
1792	4	1	1662	1657	-1	-1	-1	-1	-1	-1	Ab	4.000000	-1	-1	-1	-1	-1	-1	-1	-1	-1	-1	-1	-1	-1	-1	-1	sb	0.000000	-1	-1	-1	
1794	4	1	1651	1633	-1	-1	-1	-1	-1	-1	Ab	4.000000	-1	-1	-1	-1	-1	-1	-1	-1	-1	-1	-1	-1	-1	-1	-1	Sm	1.000000	-1	-1	-1	
1794	4	1	1651	1633	-1	-1	-1	-1	-1	-1	Ab	4.000000	-1	-1	-1	-1	-1	-1	-1	-1	-1	-1	-1	-1	-1	-1	-1	sb	0.000000	-1	-1	-1	
1795	4	1	1667	1633	-1	-1	-1	-1	-1	-1	am	1.000000	-1	-1	-1	-1	-1	-1	-1	-1	-1	-1	-1	-1	-1	-1	-1	Sm	1.000000	-1	-1	-1	
1795	4	1	1667	1633	-1	-1	-1	-1	-1	-1	Ab	4.000000	-1	-1	-1	-1	-1	-1	-1	-1	-1	-1	-1	-1	-1	-1	-1	sb	0.000000	-1	-1	-1	
1797	4	1	1664	1661	-1	-1	-1	-1	-1	-1	Ab	4.000000	-1	-1	-1	-1	-1	-1	-1	-1	-1	-1	-1	-1	-1	-1	-1	Sm	1.000000	-1	-1	-1	
1797	4	1	1664	1661	-1	-1	-1	-1	-1	-1	Ab	4.000000	-1	-1	-1	-1	-1	-1	-1	-1	-1	-1	-1	-1	-1	-1	-1	sb	0.000000	-1	-1	-1	
1802	4	1	1637	1649	-1	-1	-1	-1	-1	-1	Ab	4.000000	-1	-1	-1	-1	-1	-1	-1	-1	-1	-1	-1	-1	-1	-1	-1	Sm	1.000000	-1	-1	-1	
1802	4	1	1637	1649	-1	-1	-1	-1	-1	-1	Ab	4.000000	-1	-1	-1	-1	-1	-1	-1	-1	-1	-1	-1	-1	-1	-1	-1	sb	0.000000	-1	-1	-1	
1804	4	1	1659	1630	-1	-1	-1	-1	-1	-1	Ab	4.000000	-1	-1	-1	-1	-1	-1	-1	-1	-1	-1	-1	-1	-1	-1	-1	Sm	1.000000	-1	-1	-1	
1804	4	1	1659	1630	-1	-1	-1	-1	-1	-1	Ab	4.000000	-1	-1	-1	-1	-1	-1	-1	-1	-1	-1	-1	-1	-1	-1	-1	sb	0.000000	-1	-1	-1	
1805	4	1	1625	1630	-1	-1	-1	-1	-1	-1	Ab	4.000000	-1	-1	-1	-1	-1	-1	-1	-1	-1	-1	-1	-1	-1	-1	-1	Sm	1.000000	-1	-1	-1	
1805	4	1	1625	1630	-1	-1	-1	-1	-1	-1	Ab	4.000000	-1	-1	-1	-1	-1	-1	-1	-1	-1	-1	-1	-1	-1	-1	-1	sb	0.000000	-1	-1	-1	
1807	4	1	1643	1639	-1	-1	-1	-1	-1	-1	Ab	4.000000	-1	-1	-1	-1	-1	-1	-1	-1	-1	-1	-1	-1	-1	-1	-1	Sm	1.000000	-1	-1	-1	
1807	4	1	1643	1639	-1	-1	-1	-1	-1	-1	Ab	4.000000	-1	-1	-1	-1	-1	-1	-1	-1	-1	-1	-1	-1	-1	-1	-1	sb	0.000000	-1	-1	-1	
1808	4	1	1652	1619	-1	-1	-1	-1	-1	-1	Ab	4.000000	-1	-1	-1	-1	-1	-1	-1	-1	-1	-1	-1	-1	-1	-1	-1	Sm	1.000000	-1	-1	-1	
1808	4	1	1652	1619	-1	-1	-1	-1	-1	-1	Ab	4.000000	-1	-1	-1	-1	-1	-1	-1	-1	-1	-1	-1	-1	-1	-1	-1	sb	0.000000	-1	-1	-1	
1809	4	1	1636	1619	-1	-1	-1	-1	-1	-1	Ab	4.000000	-1	-1	-1	-1	-1	-1	-1	-1	-1	-1	-1	-1	-1	-1	-1	Sm	1.000000	-1	-1	-1	
1809	4	1	1636	1619	-1	-1	-1	-1	-1	-1	Ab	4.000000	-1	-1	-1	-1	-1	-1	-1	-1	-1	-1	-1	-1	-1	-1	-1	sb	0.000000	-1	-1	-1	
1810	4	1	1620	1624	-1	-1	-1	-1	-1	-1	Ab	4.000000	-1	-1	-1	-1	-1	-1	-1	-1	-1	-1	-1	-1	-1	-1	-1	Sm	1.000000	-1	-1	-1	
1810	4	1	1620	1624	-1	-1	-1	-1	-1	-1	Ab	4.000000	-1	-1	-1	-1	-1	-1	-1	-1	-1	-1	-1	-1	-1	-1	-1	sb	0.000000	-1	-1	-1	
1813	4	1	1652	1629	-1	-1	-1	-1	-1	-1	Ab	4.000000	-1	-1	-1	-1	-1	-1	-1	-1	-1	-1	-1	-1	-1	-1	-1	Sm	1.000000	-1	-1	-1	
1813	4	1	1652	1629	-1	-1	-1	-1	-1	-1	Ab	4.000000	-1	-1	-1	-1	-1	-1	-1	-1	-1	-1	-1	-1	-1	-1	-1	sb	0.000000	-1	-1	-1	
1814	4	1	1625	1629	-1	-1	-1	-1	-1	-1	Ab	4.000000	-1	-1	-1	-1	-1	-1	-1	-1	-1	-1	-1	-1	-1	-1	-1	Sm	1.000000	-1	-1	-1	
1814	4	1	1625	1629	-1	-1	-1	-1	-1	-1	Ab	4.000000	-1	-1	-1	-1	-1	-1	-1	-1	-1	-1	-1	-1	-1	-1	-1	sb	0.000000	-1	-1	-1	
1815	4	1	1638	1670	-1	-1	-1	-1	-1	-1	Ab	4.000000	-1	-1	-1	-1	-1	-1	-1	-1	-1	-1	-1	-1	-1	-1	-1	Sm	1.000000	-1	-1	-1	
1815	4	1	1638	1670	-1	-1	-1	-1	-1	-1	Ab	4.000000	-1	-1	-1	-1	-1	-1	-1	-1	-1	-1	-1	-1	-1	-1	-1	sb	0.000000	-1	-1	-1	
1816	4	1	1642	1668	-1	-1	-1	-1	-1	-1	am	1.000000	-1	-1	-1	-1	-1	-1	-1	-1	-1	-1	-1	-1	-1	-1	-1	Sm	1.000000	-1	-1	-1	
1816	4	1	1642	1668	-1	-1	-1	-1	-1	-1	Ab	4.000000	-1	-1	-1	-1	-1	-1	-1	-1	-1	-1	-1	-1	-1	-1	-1	sb	0.000000	-1	-1	-1	
1821	4	1	1664	1654	-1	-1	-1	-1	-1	-1	Ab	4.000000	-1	-1	-1	-1	-1	-1	-1	-1	-1	-1	-1	-1	-1	-1	-1	Sm	1.000000	-1	-1	-1	
1821	4	1	1664	1654	-1	-1	-1	-1	-1	-1	Ab	4.000000	-1	-1	-1	-1	-1	-1	-1	-1	-1	-1	-1	-1	-1	-1	-1	sm	0.000000	-1	-1	-1	
1822	4	1	1636	1663	-1	-1	-1	-1	-1	-1	Ab	4.000000	-1	-1	-1	-1	-1	-1	-1	-1	-1	-1	-1	-1	-1	-1	-1	Sm	1.000000	-1	-1	-1	
1822	4	1	1636	1663	-1	-1	-1	-1	-1	-1	Ab	4.000000	-1	-1	-1	-1	-1	-1	-1	-1	-1	-1	-1	-1	-1	-1	-1	sb	0.000000	-1	-1	-1	
1775	4	0	1656	1635	-1	-1	-1	-1	-1	-1	Ab	4.000000	-1	-1	-1	-1	-1	-1	-1	-1	-1	-1	-1	-1	-1	-1	-1	sb	0.000000	-1	-1	-1	
1775	4	0	1656	1635	-1	-1	-1	-1	-1	-1	Ab	4.000000	-1	-1	-1	-1	-1	-1	-1	-1	-1	-1	-1	-1	-1	-1	-1	sb	0.000000	-1	-1	-1	
1777	4	0	1645	1647	-1	-1	-1	-1	-1	-1	Ab	4.000000	-1	-1	-1	-1	-1	-1	-1	-1	-1	-1	-1	-1	-1	-1	-1	sm	0.000000	-1	-1	-1	
1777	4	0	1645	1647	-1	-1	-1	-1	-1	-1	Ab	4.000000	-1	-1	-1	-1	-1	-1	-1	-1	-1	-1	-1	-1	-1	-1	-1	sb	0.000000	-1	-1	-1	
1779	4	0	1658	1634	-1	-1	-1	-1	-1	-1	Ab	4.000000	-1	-1	-1	-1	-1	-1	-1	-1	-1	-1	-1	-1	-1	-1	-1	sb	0.000000	-1	-1	-1	
1779	4	0	1658	1634	-1	-1	-1	-1	-1	-1	Ab	4.000000	-1	-1	-1	-1	-1	-1	-1	-1	-1	-1	-1	-1	-1	-1	-1	sb	0.000000	-1	-1	-1	
1781	4	0	1650	1634	-1	-1	-1	-1	-1	-1	Ab	4.000000	-1	-1	-1	-1	-1	-1	-1	-1	-1	-1	-1	-1	-1	-1	-1	sb	0.000000	-1	-1	-1	
1781	4	0	1650	1634	-1	-1	-1	-1	-1	-1	Ab	4.000000	-1	-1	-1	-1	-1	-1	-1	-1	-1	-1	-1	-1	-1	-1	-1	sb	0.000000	-1	-1	-1	
1783	4	0	1623	1668	-1	-1	-1	-1	-1	-1	Ab	4.000000	-1	-1	-1	-1	-1	-1	-1	-1	-1	-1	-1	-1	-1	-1	-1	sb	0.000000	-1	-1	-1	
1783	4	0	1623	1668	-1	-1	-1	-1	-1	-1	Ab	4.000000	-1	-1	-1	-1	-1	-1	-1	-1	-1	-1	-1	-1	-1	-1	-1	sb	0.000000	-1	-1	-1	
1788	4	0	1642	1663	-1	-1	-1	-1	-1	-1	am	1.000000	-1	-1	-1	-1	-1	-1	-1	-1	-1	-1	-1	-1	-1	-1	-1	sb	0.000000	-1	-1	-1	
1788	4	0	1642	1663	-1	-1	-1	-1	-1	-1	Ab	4.000000	-1	-1	-1	-1	-1	-1	-1	-1	-1	-1	-1	-1	-1	-1	-1	sb	0.000000	-1	-1	-1	
1793	4	0	1658	1648	-1	-1	-1	-1	-1	-1	Ab	4.000000	-1	-1	-1	-1	-1	-1	-1	-1	-1	-1	-1	-1	-1	-1	-1	sb	0.000000	-1	-1	-1	
1793	4	0	1658	1648	-1	-1	-1	-1	-1	-1	Ab	4.000000	-1	-1	-1	-1	-1	-1	-1	-1	-1	-1	-1	-1	-1	-1	-1	sb	0.000000	-1	-1	-1	
1796	4	0	1632	1661	-1	-1	-1	-1	-1	-1	Ab	4.000000	-1	-1	-1	-1	-1	-1	-1	-1	-1	-1	-1	-1	-1	-1	-1	sb	0.000000	-1	-1	-1	
1796	4	0	1632	1661	-1	-1	-1	-1	-1	-1	Ab	4.000000	-1	-1	-1	-1	-1	-1	-1	-1	-1	-1	-1	-1	-1	-1	-1	sm	0.000000	-1	-1	-1	
1798	4	0	1659	1665	-1	-1	-1	-1	-1	-1	Ab	4.000000	-1	-1	-1	-1	-1	-1	-1	-1	-1	-1	-1	-1	-1	-1	-1	sb	0.000000	-1	-1	-1	
1798	4	0	1659	1665	-1	-1	-1	-1	-1	-1	Ab	4.000000	-1	-1	-1	-1	-1	-1	-1	-1	-1	-1	-1	-1	-1	-1	-1	sb	0.000000	-1	-1	-1	
1799	4	0	1627	1665	-1	-1	-1	-1	-1	-1	Ab	4.000000	-1	-1	-1	-1	-1	-1	-1	-1	-1	-1	-1	-1	-1	-1	-1	sb	0.000000	-1	-1	-1	
1799	4	0	1627	1665	-1	-1	-1	-1	-1	-1	Ab	4.000000	-1	-1	-1	-1	-1	-1	-1	-1	-1	-1	-1	-1	-1	-1	-1	sb	0.000000	-1	-1	-1	
1800	4	0	1666	1669	-1	-1	-1	-1	-1	-1	Ab	4.000000	-1	-1	-1	-1	-1	-1	-1	-1	-1	-1	-1	-1	-1	-1	-1	sm	0.000000	-1	-1	-1	
1800	4	0	1666	1669	-1	-1	-1	-1	-1	-1	Ab	4.000000	-1	-1	-1	-1	-1	-1	-1	-1	-1	-1	-1	-1	-1	-1	-1	sb	0.000000	-1	-1	-1	
1801	4	0	1650	1669	-1	-1	-1	-1	-1	-1	Ab	4.000000	-1	-1	-1	-1	-1	-1	-1	-1	-1	-1	-1	-1	-1	-1	-1	sb	0.000000	-1	-1	-1	
1801	4	0	1650	1669	-1	-1	-1	-1	-1	-1	Ab	4.000000	-1	-1	-1	-1	-1	-1	-1	-1	-1	-1	-1	-1	-1	-1	-1	sb	0.000000	-1	-1	-1	
1803	4	0	1646	1630	-1	-1	-1	-1	-1	-1	Ab	4.000000	-1	-1	-1	-1	-1	-1	-1	-1	-1	-1	-1	-1	-1	-1	-1	sb	0.000000	-1	-1	-1	
1803	4	0	1646	1630	-1	-1	-1	-1	-1	-1	Ab	4.000000	-1	-1	-1	-1	-1	-1	-1	-1	-1	-1	-1	-1	-1	-1	-1	sb	0.000000	-1	-1	-1	
1806	4	0	1660	1622	-1	-1	-1	-1	-1	-1	Ab	4.000000	-1	-1	-1	-1	-1	-1	-1	-1	-1	-1	-1	-1	-1	-1	-1	sm	0.000000	-1	-1	-1	
1806	4	0	1660	1622	-1	-1	-1	-1	-1	-1	Ab	4.000000	-1	-1	-1	-1	-1	-1	-1	-1	-1	-1	-1	-1	-1	-1	-1	sb	0.000000	-1	-1	-1	
1811	4	0	1656	1624	-1	-1	-1	-1	-1	-1	Ab	4.000000	-1	-1	-1	-1	-1	-1	-1	-1	-1	-1	-1	-1	-1	-1	-1	sb	0.000000	-1	-1	-1	
1811	4	0	1656	1624	-1	-1	-1	-1	-1	-1	Ab	4.000000	-1	-1	-1	-1	-1	-1	-1	-1	-1	-1	-1	-1	-1	-1	-1	sb	0.000000	-1	-1	-1	
1812	4	0	1653	1624	-1	-1	-1	-1	-1	-1	Ab	4.000000	-1	-1	-1	-1	-1	-1	-1	-1	-1	-1	-1	-1	-1	-1	-1	sb	0.000000	-1	-1	-1	
1812	4	0	1653	1624	-1	-1	-1	-1	-1	-1	Ab	4.000000	-1	-1	-1	-1	-1	-1	-1	-1	-1	-1	-1	-1	-1	-1	-1	sb	0.000000	-1	-1	-1	
1817	4	0	1659	1629	-1	-1	-1	-1	-1	-1	Ab	4.000000	-1	-1	-1	-1	-1	-1	-1	-1	-1	-1	-1	-1	-1	-1	-1	sb	0.000000	-1	-1	-1	
1817	4	0	1659	1629	-1	-1	-1	-1	-1	-1	Ab	4.000000	-1	-1	-1	-1	-1	-1	-1	-1	-1	-1	-1	-1	-1	-1	-1	sb	0.000000	-1	-1	-1	
1818	4	0	1650	1629	-1	-1	-1	-1	-1	-1	Ab	4.000000	-1	-1	-1	-1	-1	-1	-1	-1	-1	-1	-1	-1	-1	-1	-1	sb	0.000000	-1	-1	-1	
1818	4	0	1650	1629	-1	-1	-1	-1	-1	-1	Ab	4.000000	-1	-1	-1	-1	-1	-1	-1	-1	-1	-1	-1	-1	-1	-1	-1	sb	0.000000	-1	-1	-1	
1819	4	0	1626	1670	-1	-1	-1	-1	-1	-1	Ab	4.000000	-1	-1	-1	-1	-1	-1	-1	-1	-1	-1	-1	-1	-1	-1	-1	sb	0.000000	-1	-1	-1	
1819	4	0	1626	1670	-1	-1	-1	-1	-1	-1	Ab	4.000000	-1	-1	-1	-1	-1	-1	-1	-1	-1	-1	-1	-1	-1	-1	-1	sb	0.000000	-1	-1	-1	
1820	4	0	1656	1644	-1	-1	-1	-1	-1	-1	Ab	4.000000	-1	-1	-1	-1	-1	-1	-1	-1	-1	-1	-1	-1	-1	-1	-1	sb	0.000000	-1	-1	-1	
1820	4	0	1656	1644	-1	-1	-1	-1	-1	-1	Ab	4.000000	-1	-1	-1	-1	-1	-1	-1	-1	-1	-1	-1	-1	-1	-1	-1	sb	0.000000	-1	-1	-1	
1824	5	1	1672	1706	-1	-1	-1	-1	-1	-1	Ab	4.000000	-1	-1	-1	-1	-1	-1	-1	-1	-1	-1	-1	-1	-1	-1	-1	Sm	1.000000	-1	-1	-1	
1824	5	1	1672	1706	-1	-1	-1	-1	-1	-1	Ab	4.000000	-1	-1	-1	-1	-1	-1	-1	-1	-1	-1	-1	-1	-1	-1	-1	sm	0.000000	-1	-1	-1	
1825	5	1	1681	1696	-1	-1	-1	-1	-1	-1	Ab	4.000000	-1	-1	-1	-1	-1	-1	-1	-1	-1	-1	-1	-1	-1	-1	-1	Sm	1.000000	-1	-1	-1	
1825	5	1	1681	1696	-1	-1	-1	-1	-1	-1	Ab	4.000000	-1	-1	-1	-1	-1	-1	-1	-1	-1	-1	-1	-1	-1	-1	-1	sb	0.000000	-1	-1	-1	
1828	5	1	1711	1682	-1	-1	-1	-1	-1	-1	Ab	4.000000	-1	-1	-1	-1	-1	-1	-1	-1	-1	-1	-1	-1	-1	-1	-1	Sm	1.000000	-1	-1	-1	
1828	5	1	1711	1682	-1	-1	-1	-1	-1	-1	Ab	4.000000	-1	-1	-1	-1	-1	-1	-1	-1	-1	-1	-1	-1	-1	-1	-1	sm	0.000000	-1	-1	-1	
1830	5	1	1717	1677	-1	-1	-1	-1	-1	-1	Ab	4.000000	-1	-1	-1	-1	-1	-1	-1	-1	-1	-1	-1	-1	-1	-1	-1	Sm	1.000000	-1	-1	-1	
1830	5	1	1717	1677	-1	-1	-1	-1	-1	-1	Ab	4.000000	-1	-1	-1	-1	-1	-1	-1	-1	-1	-1	-1	-1	-1	-1	-1	sm	0.000000	-1	-1	-1	
1831	5	1	1720	1686	-1	-1	-1	-1	-1	-1	Ab	4.000000	-1	-1	-1	-1	-1	-1	-1	-1	-1	-1	-1	-1	-1	-1	-1	Sm	1.000000	-1	-1	-1	
1831	5	1	1720	1686	-1	-1	-1	-1	-1	-1	Ab	4.000000	-1	-1	-1	-1	-1	-1	-1	-1	-1	-1	-1	-1	-1	-1	-1	sm	0.000000	-1	-1	-1	
1832	5	1	1676	1686	-1	-1	-1	-1	-1	-1	Ab	4.000000	-1	-1	-1	-1	-1	-1	-1	-1	-1	-1	-1	-1	-1	-1	-1	Sm	1.000000	-1	-1	-1	
1832	5	1	1676	1686	-1	-1	-1	-1	-1	-1	Ab	4.000000	-1	-1	-1	-1	-1	-1	-1	-1	-1	-1	-1	-1	-1	-1	-1	sm	0.000000	-1	-1	-1	
1833	5	1	1676	1695	-1	-1	-1	-1	-1	-1	Ab	4.000000	-1	-1	-1	-1	-1	-1	-1	-1	-1	-1	-1	-1	-1	-1	-1	Sm	1.000000	-1	-1	-1	
1833	5	1	1676	1695	-1	-1	-1	-1	-1	-1	Ab	4.000000	-1	-1	-1	-1	-1	-1	-1	-1	-1	-1	-1	-1	-1	-1	-1	sb	0.000000	-1	-1	-1	
1835	5	1	1691	1713	-1	-1	-1	-1	-1	-1	Ab	4.000000	-1	-1	-1	-1	-1	-1	-1	-1	-1	-1	-1	-1	-1	-1	-1	Sm	1.000000	-1	-1	-1	
1835	5	1	1691	1713	-1	-1	-1	-1	-1	-1	Ab	4.000000	-1	-1	-1	-1	-1	-1	-1	-1	-1	-1	-1	-1	-1	-1	-1	sm	0.000000	-1	-1	-1	
1837	5	1	1676	1689	-1	-1	-1	-1	-1	-1	Ab	4.000000	-1	-1	-1	-1	-1	-1	-1	-1	-1	-1	-1	-1	-1	-1	-1	Sm	1.000000	-1	-1	-1	
1837	5	1	1676	1689	-1	-1	-1	-1	-1	-1	Ab	4.000000	-1	-1	-1	-1	-1	-1	-1	-1	-1	-1	-1	-1	-1	-1	-1	sb	0.000000	-1	-1	-1	
1838	5	1	1675	1689	-1	-1	-1	-1	-1	-1	Ab	4.000000	-1	-1	-1	-1	-1	-1	-1	-1	-1	-1	-1	-1	-1	-1	-1	Sm	1.000000	-1	-1	-1	
1838	5	1	1675	1689	-1	-1	-1	-1	-1	-1	am	1.000000	-1	-1	-1	-1	-1	-1	-1	-1	-1	-1	-1	-1	-1	-1	-1	sm	0.000000	-1	-1	-1	
1843	5	1	1701	1698	-1	-1	-1	-1	-1	-1	Ab	4.000000	-1	-1	-1	-1	-1	-1	-1	-1	-1	-1	-1	-1	-1	-1	-1	Sm	1.000000	-1	-1	-1	
1843	5	1	1701	1698	-1	-1	-1	-1	-1	-1	Ab	4.000000	-1	-1	-1	-1	-1	-1	-1	-1	-1	-1	-1	-1	-1	-1	-1	sb	0.000000	-1	-1	-1	
1846	5	1	1720	1716	-1	-1	-1	-1	-1	-1	Ab	4.000000	-1	-1	-1	-1	-1	-1	-1	-1	-1	-1	-1	-1	-1	-1	-1	Sm	1.000000	-1	-1	-1	
1846	5	1	1720	1716	-1	-1	-1	-1	-1	-1	Ab	4.000000	-1	-1	-1	-1	-1	-1	-1	-1	-1	-1	-1	-1	-1	-1	-1	sm	0.000000	-1	-1	-1	
1847	5	1	1709	1716	-1	-1	-1	-1	-1	-1	am	1.000000	-1	-1	-1	-1	-1	-1	-1	-1	-1	-1	-1	-1	-1	-1	-1	Sm	1.000000	-1	-1	-1	
1847	5	1	1709	1716	-1	-1	-1	-1	-1	-1	Ab	4.000000	-1	-1	-1	-1	-1	-1	-1	-1	-1	-1	-1	-1	-1	-1	-1	sb	0.000000	-1	-1	-1	
1853	5	1	1719	1721	-1	-1	-1	-1	-1	-1	am	1.000000	-1	-1	-1	-1	-1	-1	-1	-1	-1	-1	-1	-1	-1	-1	-1	Sm	1.000000	-1	-1	-1	
1853	5	1	1719	1721	-1	-1	-1	-1	-1	-1	Ab	4.000000	-1	-1	-1	-1	-1	-1	-1	-1	-1	-1	-1	-1	-1	-1	-1	sm	0.000000	-1	-1	-1	
1855	5	1	1678	1688	-1	-1	-1	-1	-1	-1	Ab	4.000000	-1	-1	-1	-1	-1	-1	-1	-1	-1	-1	-1	-1	-1	-1	-1	Sm	1.000000	-1	-1	-1	
1855	5	1	1678	1688	-1	-1	-1	-1	-1	-1	am	1.000000	-1	-1	-1	-1	-1	-1	-1	-1	-1	-1	-1	-1	-1	-1	-1	sb	0.000000	-1	-1	-1	
1856	5	1	1678	1688	-1	-1	-1	-1	-1	-1	Ab	4.000000	-1	-1	-1	-1	-1	-1	-1	-1	-1	-1	-1	-1	-1	-1	-1	Sm	1.000000	-1	-1	-1	
1856	5	1	1678	1688	-1	-1	-1	-1	-1	-1	am	1.000000	-1	-1	-1	-1	-1	-1	-1	-1	-1	-1	-1	-1	-1	-1	-1	sb	0.000000	-1	-1	-1	
1857	5	1	1700	1687	-1	-1	-1	-1	-1	-1	Ab	4.000000	-1	-1	-1	-1	-1	-1	-1	-1	-1	-1	-1	-1	-1	-1	-1	Sm	1.000000	-1	-1	-1	
1857	5	1	1700	1687	-1	-1	-1	-1	-1	-1	Ab	4.000000	-1	-1	-1	-1	-1	-1	-1	-1	-1	-1	-1	-1	-1	-1	-1	sb	0.000000	-1	-1	-1	
1861	5	1	1717	1680	-1	-1	-1	-1	-1	-1	Ab	4.000000	-1	-1	-1	-1	-1	-1	-1	-1	-1	-1	-1	-1	-1	-1	-1	Sm	1.000000	-1	-1	-1	
1861	5	1	1717	1680	-1	-1	-1	-1	-1	-1	Ab	4.000000	-1	-1	-1	-1	-1	-1	-1	-1	-1	-1	-1	-1	-1	-1	-1	sb	0.000000	-1	-1	-1	
1862	5	1	1678	1680	-1	-1	-1	-1	-1	-1	Ab	4.000000	-1	-1	-1	-1	-1	-1	-1	-1	-1	-1	-1	-1	-1	-1	-1	Sm	1.000000	-1	-1	-1	
1862	5	1	1678	1680	-1	-1	-1	-1	-1	-1	Ab	4.000000	-1	-1	-1	-1	-1	-1	-1	-1	-1	-1	-1	-1	-1	-1	-1	sb	0.000000	-1	-1	-1	
1864	5	1	1709	1718	-1	-1	-1	-1	-1	-1	am	1.000000	-1	-1	-1	-1	-1	-1	-1	-1	-1	-1	-1	-1	-1	-1	-1	Sm	1.000000	-1	-1	-1	
1864	5	1	1709	1718	-1	-1	-1	-1	-1	-1	Ab	4.000000	-1	-1	-1	-1	-1	-1	-1	-1	-1	-1	-1	-1	-1	-1	-1	sm	0.000000	-1	-1	-1	
1865	5	1	1720	1710	-1	-1	-1	-1	-1	-1	Ab	4.000000	-1	-1	-1	-1	-1	-1	-1	-1	-1	-1	-1	-1	-1	-1	-1	Sm	1.000000	-1	-1	-1	
1865	5	1	1720	1710	-1	-1	-1	-1	-1	-1	Ab	4.000000	-1	-1	-1	-1	-1	-1	-1	-1	-1	-1	-1	-1	-1	-1	-1	sm	0.000000	-1	-1	-1	
1868	5	1	1691	1698	-1	-1	-1	-1	-1	-1	Ab	4.000000	-1	-1	-1	-1	-1	-1	-1	-1	-1	-1	-1	-1	-1	-1	-1	Sm	1.000000	-1	-1	-1	
1868	5	1	1691	1698	-1	-1	-1	-1	-1	-1	Ab	4.000000	-1	-1	-1	-1	-1	-1	-1	-1	-1	-1	-1	-1	-1	-1	-1	sb	0.000000	-1	-1	-1	
1869	5	1	1676	1714	-1	-1	-1	-1	-1	-1	Ab	4.000000	-1	-1	-1	-1	-1	-1	-1	-1	-1	-1	-1	-1	-1	-1	-1	Sm	1.000000	-1	-1	-1	
1869	5	1	1676	1714	-1	-1	-1	-1	-1	-1	Ab	4.000000	-1	-1	-1	-1	-1	-1	-1	-1	-1	-1	-1	-1	-1	-1	-1	sm	0.000000	-1	-1	-1	
1823	5	0	1672	1708	-1	-1	-1	-1	-1	-1	Ab	4.000000	-1	-1	-1	-1	-1	-1	-1	-1	-1	-1	-1	-1	-1	-1	-1	sm	0.000000	-1	-1	-1	
1823	5	0	1672	1708	-1	-1	-1	-1	-1	-1	am	1.000000	-1	-1	-1	-1	-1	-1	-1	-1	-1	-1	-1	-1	-1	-1	-1	sb	0.000000	-1	-1	-1	
1826	5	0	1676	1696	-1	-1	-1	-1	-1	-1	Ab	4.000000	-1	-1	-1	-1	-1	-1	-1	-1	-1	-1	-1	-1	-1	-1	-1	sb	0.000000	-1	-1	-1	
1826	5	0	1676	1696	-1	-1	-1	-1	-1	-1	Ab	4.000000	-1	-1	-1	-1	-1	-1	-1	-1	-1	-1	-1	-1	-1	-1	-1	sb	0.000000	-1	-1	-1	
1827	5	0	1702	1674	-1	-1	-1	-1	-1	-1	Ab	4.000000	-1	-1	-1	-1	-1	-1	-1	-1	-1	-1	-1	-1	-1	-1	-1	sm	0.000000	-1	-1	-1	
1827	5	0	1702	1674	-1	-1	-1	-1	-1	-1	Ab	4.000000	-1	-1	-1	-1	-1	-1	-1	-1	-1	-1	-1	-1	-1	-1	-1	sm	0.000000	-1	-1	-1	
1829	5	0	1717	1682	-1	-1	-1	-1	-1	-1	Ab	4.000000	-1	-1	-1	-1	-1	-1	-1	-1	-1	-1	-1	-1	-1	-1	-1	sb	0.000000	-1	-1	-1	
1829	5	0	1717	1682	-1	-1	-1	-1	-1	-1	Ab	4.000000	-1	-1	-1	-1	-1	-1	-1	-1	-1	-1	-1	-1	-1	-1	-1	sb	0.000000	-1	-1	-1	
1834	5	0	1703	1695	-1	-1	-1	-1	-1	-1	Ab	4.000000	-1	-1	-1	-1	-1	-1	-1	-1	-1	-1	-1	-1	-1	-1	-1	sm	0.000000	-1	-1	-1	
1834	5	0	1703	1695	-1	-1	-1	-1	-1	-1	Ab	4.000000	-1	-1	-1	-1	-1	-1	-1	-1	-1	-1	-1	-1	-1	-1	-1	sm	0.000000	-1	-1	-1	
1836	5	0	1690	1713	-1	-1	-1	-1	-1	-1	Ab	4.000000	-1	-1	-1	-1	-1	-1	-1	-1	-1	-1	-1	-1	-1	-1	-1	sm	0.000000	-1	-1	-1	
1836	5	0	1690	1713	-1	-1	-1	-1	-1	-1	Ab	4.000000	-1	-1	-1	-1	-1	-1	-1	-1	-1	-1	-1	-1	-1	-1	-1	sb	0.000000	-1	-1	-1	
1839	5	0	1707	1673	-1	-1	-1	-1	-1	-1	am	1.000000	-1	-1	-1	-1	-1	-1	-1	-1	-1	-1	-1	-1	-1	-1	-1	sb	0.000000	-1	-1	-1	
1839	5	0	1707	1673	-1	-1	-1	-1	-1	-1	Ab	4.000000	-1	-1	-1	-1	-1	-1	-1	-1	-1	-1	-1	-1	-1	-1	-1	sb	0.000000	-1	-1	-1	
1840	5	0	1679	1685	-1	-1	-1	-1	-1	-1	Ab	4.000000	-1	-1	-1	-1	-1	-1	-1	-1	-1	-1	-1	-1	-1	-1	-1	sm	0.000000	-1	-1	-1	
1840	5	0	1679	1685	-1	-1	-1	-1	-1	-1	Ab	4.000000	-1	-1	-1	-1	-1	-1	-1	-1	-1	-1	-1	-1	-1	-1	-1	sb	0.000000	-1	-1	-1	
1841	5	0	1675	1685	-1	-1	-1	-1	-1	-1	Ab	4.000000	-1	-1	-1	-1	-1	-1	-1	-1	-1	-1	-1	-1	-1	-1	-1	sb	0.000000	-1	-1	-1	
1841	5	0	1675	1685	-1	-1	-1	-1	-1	-1	Ab	4.000000	-1	-1	-1	-1	-1	-1	-1	-1	-1	-1	-1	-1	-1	-1	-1	sb	0.000000	-1	-1	-1	
1842	5	0	1701	1698	-1	-1	-1	-1	-1	-1	Ab	4.000000	-1	-1	-1	-1	-1	-1	-1	-1	-1	-1	-1	-1	-1	-1	-1	sm	0.000000	-1	-1	-1	
1842	5	0	1701	1698	-1	-1	-1	-1	-1	-1	am	1.000000	-1	-1	-1	-1	-1	-1	-1	-1	-1	-1	-1	-1	-1	-1	-1	sb	0.000000	-1	-1	-1	
1844	5	0	1701	1699	-1	-1	-1	-1	-1	-1	Ab	4.000000	-1	-1	-1	-1	-1	-1	-1	-1	-1	-1	-1	-1	-1	-1	-1	sm	0.000000	-1	-1	-1	
1844	5	0	1701	1699	-1	-1	-1	-1	-1	-1	Ab	4.000000	-1	-1	-1	-1	-1	-1	-1	-1	-1	-1	-1	-1	-1	-1	-1	sm	0.000000	-1	-1	-1	
1845	5	0	1694	1699	-1	-1	-1	-1	-1	-1	Ab	4.000000	-1	-1	-1	-1	-1	-1	-1	-1	-1	-1	-1	-1	-1	-1	-1	sm	0.000000	-1	-1	-1	
1845	5	0	1694	1699	-1	-1	-1	-1	-1	-1	Ab	4.000000	-1	-1	-1	-1	-1	-1	-1	-1	-1	-1	-1	-1	-1	-1	-1	sm	0.000000	-1	-1	-1	
1848	5	0	1701	1704	-1	-1	-1	-1	-1	-1	Ab	4.000000	-1	-1	-1	-1	-1	-1	-1	-1	-1	-1	-1	-1	-1	-1	-1	sm	0.000000	-1	-1	-1	
1848	5	0	1701	1704	-1	-1	-1	-1	-1	-1	Ab	4.000000	-1	-1	-1	-1	-1	-1	-1	-1	-1	-1	-1	-1	-1	-1	-1	sm	0.000000	-1	-1	-1	
1849	5	0	1691	1704	-1	-1	-1	-1	-1	-1	Ab	4.000000	-1	-1	-1	-1	-1	-1	-1	-1	-1	-1	-1	-1	-1	-1	-1	sm	0.000000	-1	-1	-1	
1849	5	0	1691	1704	-1	-1	-1	-1	-1	-1	Ab	4.000000	-1	-1	-1	-1	-1	-1	-1	-1	-1	-1	-1	-1	-1	-1	-1	sb	0.000000	-1	-1	-1	
1850	5	0	1709	1714	-1	-1	-1	-1	-1	-1	am	1.000000	-1	-1	-1	-1	-1	-1	-1	-1	-1	-1	-1	-1	-1	-1	-1	sm	0.000000	-1	-1	-1	
1850	5	0	1709	1714	-1	-1	-1	-1	-1	-1	Ab	4.000000	-1	-1	-1	-1	-1	-1	-1	-1	-1	-1	-1	-1	-1	-1	-1	sm	0.000000	-1	-1	-1	
1851	5	0	1703	1714	-1	-1	-1	-1	-1	-1	Ab	4.000000	-1	-1	-1	-1	-1	-1	-1	-1	-1	-1	-1	-1	-1	-1	-1	sm	0.000000	-1	-1	-1	
1851	5	0	1703	1714	-1	-1	-1	-1	-1	-1	Ab	4.000000	-1	-1	-1	-1	-1	-1	-1	-1	-1	-1	-1	-1	-1	-1	-1	sm	0.000000	-1	-1	-1	
1852	5	0	1684	1721	-1	-1	-1	-1	-1	-1	Ab	4.000000	-1	-1	-1	-1	-1	-1	-1	-1	-1	-1	-1	-1	-1	-1	-1	sb	0.000000	-1	-1	-1	
1852	5	0	1684	1721	-1	-1	-1	-1	-1	-1	Ab	4.000000	-1	-1	-1	-1	-1	-1	-1	-1	-1	-1	-1	-1	-1	-1	-1	sm	0.000000	-1	-1	-1	
1854	5	0	1717	1688	-1	-1	-1	-1	-1	-1	Ab	4.000000	-1	-1	-1	-1	-1	-1	-1	-1	-1	-1	-1	-1	-1	-1	-1	sb	0.000000	-1	-1	-1	
1854	5	0	1717	1688	-1	-1	-1	-1	-1	-1	am	1.000000	-1	-1	-1	-1	-1	-1	-1	-1	-1	-1	-1	-1	-1	-1	-1	sb	0.000000	-1	-1	-1	
1858	5	0	1702	1687	-1	-1	-1	-1	-1	-1	Ab	4.000000	-1	-1	-1	-1	-1	-1	-1	-1	-1	-1	-1	-1	-1	-1	-1	sm	0.000000	-1	-1	-1	
1858	5	0	1702	1687	-1	-1	-1	-1	-1	-1	Ab	4.000000	-1	-1	-1	-1	-1	-1	-1	-1	-1	-1	-1	-1	-1	-1	-1	sb	0.000000	-1	-1	-1	
1859	5	0	1719	1687	-1	-1	-1	-1	-1	-1	am	1.000000	-1	-1	-1	-1	-1	-1	-1	-1	-1	-1	-1	-1	-1	-1	-1	sm	0.000000	-1	-1	-1	
1859	5	0	1719	1687	-1	-1	-1	-1	-1	-1	Ab	4.000000	-1	-1	-1	-1	-1	-1	-1	-1	-1	-1	-1	-1	-1	-1	-1	sb	0.000000	-1	-1	-1	
1860	5	0	1679	1680	-1	-1	-1	-1	-1	-1	Ab	4.000000	-1	-1	-1	-1	-1	-1	-1	-1	-1	-1	-1	-1	-1	-1	-1	sm	0.000000	-1	-1	-1	
1860	5	0	1679	1680	-1	-1	-1	-1	-1	-1	Ab	4.000000	-1	-1	-1	-1	-1	-1	-1	-1	-1	-1	-1	-1	-1	-1	-1	sm	0.000000	-1	-1	-1	
1863	5	0	1707	1693	-1	-1	-1	-1	-1	-1	Ab	4.000000	-1	-1	-1	-1	-1	-1	-1	-1	-1	-1	-1	-1	-1	-1	-1	sb	0.000000	-1	-1	-1	
1863	5	0	1707	1693	-1	-1	-1	-1	-1	-1	Ab	4.000000	-1	-1	-1	-1	-1	-1	-1	-1	-1	-1	-1	-1	-1	-1	-1	sm	0.000000	-1	-1	-1	
1866	5	0	1719	1710	-1	-1	-1	-1	-1	-1	am	1.000000	-1	-1	-1	-1	-1	-1	-1	-1	-1	-1	-1	-1	-1	-1	-1	sm	0.000000	-1	-1	-1	
1866	5	0	1719	1710	-1	-1	-1	-1	-1	-1	Ab	4.000000	-1	-1	-1	-1	-1	-1	-1	-1	-1	-1	-1	-1	-1	-1	-1	sm	0.000000	-1	-1	-1	
1867	5	0	1679	1696	-1	-1	-1	-1	-1	-1	Ab	4.000000	-1	-1	-1	-1	-1	-1	-1	-1	-1	-1	-1	-1	-1	-1	-1	sm	0.000000	-1	-1	-1	
1867	5	0	1679	1696	-1	-1	-1	-1	-1	-1	Ab	4.000000	-1	-1	-1	-1	-1	-1	-1	-1	-1	-1	-1	-1	-1	-1	-1	sb	0.000000	-1	-1	-1	
1870	5	0	1720	1674	-1	-1	-1	-1	-1	-1	Ab	4.000000	-1	-1	-1	-1	-1	-1	-1	-1	-1	-1	-1	-1	-1	-1	-1	sm	0.000000	-1	-1	-1	
1870	5	0	1720	1674	-1	-1	-1	-1	-1	-1	Ab	4.000000	-1	-1	-1	-1	-1	-1	-1	-1	-1	-1	-1	-1	-1	-1	-1	sm	0.000000	-1	-1	-1	
1871	5	0	1676	1677	-1	-1	-1	-1	-1	-1	Ab	4.000000	-1	-1	-1	-1	-1	-1	-1	-1	-1	-1	-1	-1	-1	-1	-1	sb	0.000000	-1	-1	-1	
1871	5	0	1676	1677	-1	-1	-1	-1	-1	-1	Ab	4.000000	-1	-1	-1	-1	-1	-1	-1	-1	-1	-1	-1	-1	-1	-1	-1	sm	0.000000	-1	-1	-1	
1872	5	0	1678	1683	-1	-1	-1	-1	-1	-1	Ab	4.000000	-1	-1	-1	-1	-1	-1	-1	-1	-1	-1	-1	-1	-1	-1	-1	sb	0.000000	-1	-1	-1	
1872	5	0	1678	1683	-1	-1	-1	-1	-1	-1	Ab	4.000000	-1	-1	-1	-1	-1	-1	-1	-1	-1	-1	-1	-1	-1	-1	-1	sb	0.000000	-1	-1	-1	
