1571	3	1	1461	1445	-1	-1	-1	-1	-1	-1	Ab	4.000000	-1	-1	-1	-1	-1	-1	-1	-1	-1	-1	-1	-1	-1	-1	-1	Sm	1.000000	-1	-1	-1	
1571	3	1	1461	1445	-1	-1	-1	-1	-1	-1	am	1.000000	-1	-1	-1	-1	-1	-1	-1	-1	-1	-1	-1	-1	-1	-1	-1	sm	0.000000	-1	-1	-1	
1572	3	1	1458	1447	-1	-1	-1	-1	-1	-1	Ab	4.000000	-1	-1	-1	-1	-1	-1	-1	-1	-1	-1	-1	-1	-1	-1	-1	Sm	1.000000	-1	-1	-1	
1572	3	1	1458	1447	-1	-1	-1	-1	-1	-1	Ab	4.000000	-1	-1	-1	-1	-1	-1	-1	-1	-1	-1	-1	-1	-1	-1	-1	sb	0.000000	-1	-1	-1	
1573	3	1	1414	1447	-1	-1	-1	-1	-1	-1	Ab	4.000000	-1	-1	-1	-1	-1	-1	-1	-1	-1	-1	-1	-1	-1	-1	-1	Sm	1.000000	-1	-1	-1	
1573	3	1	1414	1447	-1	-1	-1	-1	-1	-1	Ab	4.000000	-1	-1	-1	-1	-1	-1	-1	-1	-1	-1	-1	-1	-1	-1	-1	sb	0.000000	-1	-1	-1	
1575	3	1	1419	1449	-1	-1	-1	-1	-1	-1	Ab	4.000000	-1	-1	-1	-1	-1	-1	-1	-1	-1	-1	-1	-1	-1	-1	-1	Sm	1.000000	-1	-1	-1	
1575	3	1	1419	1449	-1	-1	-1	-1	-1	-1	Ab	4.000000	-1	-1	-1	-1	-1	-1	-1	-1	-1	-1	-1	-1	-1	-1	-1	sb	0.000000	-1	-1	-1	
1577	3	1	1464	1449	-1	-1	-1	-1	-1	-1	Ab	4.000000	-1	-1	-1	-1	-1	-1	-1	-1	-1	-1	-1	-1	-1	-1	-1	Sm	1.000000	-1	-1	-1	
1577	3	1	1464	1449	-1	-1	-1	-1	-1	-1	Ab	4.000000	-1	-1	-1	-1	-1	-1	-1	-1	-1	-1	-1	-1	-1	-1	-1	sb	0.000000	-1	-1	-1	
1578	3	1	1457	1424	-1	-1	-1	-1	-1	-1	Ab	4.000000	-1	-1	-1	-1	-1	-1	-1	-1	-1	-1	-1	-1	-1	-1	-1	Sm	1.000000	-1	-1	-1	
1578	3	1	1457	1424	-1	-1	-1	-1	-1	-1	Ab	4.000000	-1	-1	-1	-1	-1	-1	-1	-1	-1	-1	-1	-1	-1	-1	-1	sb	0.000000	-1	-1	-1	
1579	3	1	1457	1424	-1	-1	-1	-1	-1	-1	Ab	4.000000	-1	-1	-1	-1	-1	-1	-1	-1	-1	-1	-1	-1	-1	-1	-1	Sm	1.000000	-1	-1	-1	
1579	3	1	1457	1424	-1	-1	-1	-1	-1	-1	Ab	4.000000	-1	-1	-1	-1	-1	-1	-1	-1	-1	-1	-1	-1	-1	-1	-1	sm	0.000000	-1	-1	-1	
1580	3	1	1414	1443	-1	-1	-1	-1	-1	-1	Ab	4.000000	-1	-1	-1	-1	-1	-1	-1	-1	-1	-1	-1	-1	-1	-1	-1	Sm	1.000000	-1	-1	-1	
1580	3	1	1414	1443	-1	-1	-1	-1	-1	-1	Ab	4.000000	-1	-1	-1	-1	-1	-1	-1	-1	-1	-1	-1	-1	-1	-1	-1	sb	0.000000	-1	-1	-1	
1582	3	1	1440	1443	-1	-1	-1	-1	-1	-1	Ab	4.000000	-1	-1	-1	-1	-1	-1	-1	-1	-1	-1	-1	-1	-1	-1	-1	Sm	1.000000	-1	-1	-1	
1582	3	1	1440	1443	-1	-1	-1	-1	-1	-1	Ab	4.000000	-1	-1	-1	-1	-1	-1	-1	-1	-1	-1	-1	-1	-1	-1	-1	sb	0.000000	-1	-1	-1	
1589	3	1	1456	1432	-1	-1	-1	-1	-1	-1	Ab	4.000000	-1	-1	-1	-1	-1	-1	-1	-1	-1	-1	-1	-1	-1	-1	-1	Sm	1.000000	-1	-1	-1	
1589	3	1	1456	1432	-1	-1	-1	-1	-1	-1	Ab	4.000000	-1	-1	-1	-1	-1	-1	-1	-1	-1	-1	-1	-1	-1	-1	-1	sb	0.000000	-1	-1	-1	
1590	3	1	1454	1432	-1	-1	-1	-1	-1	-1	Ab	4.000000	-1	-1	-1	-1	-1	-1	-1	-1	-1	-1	-1	-1	-1	-1	-1	Sm	1.000000	-1	-1	-1	
1590	3	1	1454	1432	-1	-1	-1	-1	-1	-1	Ab	4.000000	-1	-1	-1	-1	-1	-1	-1	-1	-1	-1	-1	-1	-1	-1	-1	sb	0.000000	-1	-1	-1	
1591	3	1	1464	1430	-1	-1	-1	-1	-1	-1	Ab	4.000000	-1	-1	-1	-1	-1	-1	-1	-1	-1	-1	-1	-1	-1	-1	-1	Sm	1.000000	-1	-1	-1	
1591	3	1	1464	1430	-1	-1	-1	-1	-1	-1	Ab	4.000000	-1	-1	-1	-1	-1	-1	-1	-1	-1	-1	-1	-1	-1	-1	-1	sm	0.000000	-1	-1	-1	
1592	3	1	1421	1430	-1	-1	-1	-1	-1	-1	Ab	4.000000	-1	-1	-1	-1	-1	-1	-1	-1	-1	-1	-1	-1	-1	-1	-1	Sm	1.000000	-1	-1	-1	
1592	3	1	1421	1430	-1	-1	-1	-1	-1	-1	Ab	4.000000	-1	-1	-1	-1	-1	-1	-1	-1	-1	-1	-1	-1	-1	-1	-1	sb	0.000000	-1	-1	-1	
1593	3	1	1441	1426	-1	-1	-1	-1	-1	-1	Ab	4.000000	-1	-1	-1	-1	-1	-1	-1	-1	-1	-1	-1	-1	-1	-1	-1	Sm	1.000000	-1	-1	-1	
1593	3	1	1441	1426	-1	-1	-1	-1	-1	-1	Ab	4.000000	-1	-1	-1	-1	-1	-1	-1	-1	-1	-1	-1	-1	-1	-1	-1	sb	0.000000	-1	-1	-1	
1595	3	1	1451	1436	-1	-1	-1	-1	-1	-1	Ab	4.000000	-1	-1	-1	-1	-1	-1	-1	-1	-1	-1	-1	-1	-1	-1	-1	Sm	1.000000	-1	-1	-1	
1595	3	1	1451	1436	-1	-1	-1	-1	-1	-1	Ab	4.000000	-1	-1	-1	-1	-1	-1	-1	-1	-1	-1	-1	-1	-1	-1	-1	sm	0.000000	-1	-1	-1	
1596	3	1	1435	1436	-1	-1	-1	-1	-1	-1	Ab	4.000000	-1	-1	-1	-1	-1	-1	-1	-1	-1	-1	-1	-1	-1	-1	-1	Sm	1.000000	-1	-1	-1	
1596	3	1	1435	1436	-1	-1	-1	-1	-1	-1	am	1.000000	-1	-1	-1	-1	-1	-1	-1	-1	-1	-1	-1	-1	-1	-1	-1	sb	0.000000	-1	-1	-1	
1600	3	1	1465	1433	-1	-1	-1	-1	-1	-1	Ab	4.000000	-1	-1	-1	-1	-1	-1	-1	-1	-1	-1	-1	-1	-1	-1	-1	Sm	1.000000	-1	-1	-1	
1600	3	1	1465	1433	-1	-1	-1	-1	-1	-1	Ab	4.000000	-1	-1	-1	-1	-1	-1	-1	-1	-1	-1	-1	-1	-1	-1	-1	sb	0.000000	-1	-1	-1	
1604	3	1	1451	1433	-1	-1	-1	-1	-1	-1	Ab	4.000000	-1	-1	-1	-1	-1	-1	-1	-1	-1	-1	-1	-1	-1	-1	-1	Sm	1.000000	-1	-1	-1	
1604	3	1	1451	1433	-1	-1	-1	-1	-1	-1	Ab	4.000000	-1	-1	-1	-1	-1	-1	-1	-1	-1	-1	-1	-1	-1	-1	-1	sb	0.000000	-1	-1	-1	
1606	3	1	1423	1434	-1	-1	-1	-1	-1	-1	Ab	4.000000	-1	-1	-1	-1	-1	-1	-1	-1	-1	-1	-1	-1	-1	-1	-1	Sm	1.000000	-1	-1	-1	
1606	3	1	1423	1434	-1	-1	-1	-1	-1	-1	am	1.000000	-1	-1	-1	-1	-1	-1	-1	-1	-1	-1	-1	-1	-1	-1	-1	sm	0.000000	-1	-1	-1	
1607	3	1	1444	1434	-1	-1	-1	-1	-1	-1	Ab	4.000000	-1	-1	-1	-1	-1	-1	-1	-1	-1	-1	-1	-1	-1	-1	-1	Sm	1.000000	-1	-1	-1	
1607	3	1	1444	1434	-1	-1	-1	-1	-1	-1	Ab	4.000000	-1	-1	-1	-1	-1	-1	-1	-1	-1	-1	-1	-1	-1	-1	-1	sm	0.000000	-1	-1	-1	
1609	3	1	1419	1415	-1	-1	-1	-1	-1	-1	Ab	4.000000	-1	-1	-1	-1	-1	-1	-1	-1	-1	-1	-1	-1	-1	-1	-1	Sm	1.000000	-1	-1	-1	
1609	3	1	1419	1415	-1	-1	-1	-1	-1	-1	Ab	4.000000	-1	-1	-1	-1	-1	-1	-1	-1	-1	-1	-1	-1	-1	-1	-1	sb	0.000000	-1	-1	-1	
1610	3	1	1421	1415	-1	-1	-1	-1	-1	-1	Ab	4.000000	-1	-1	-1	-1	-1	-1	-1	-1	-1	-1	-1	-1	-1	-1	-1	Sm	1.000000	-1	-1	-1	
1610	3	1	1421	1415	-1	-1	-1	-1	-1	-1	Ab	4.000000	-1	-1	-1	-1	-1	-1	-1	-1	-1	-1	-1	-1	-1	-1	-1	sb	0.000000	-1	-1	-1	
1612	3	1	1435	1452	-1	-1	-1	-1	-1	-1	Ab	4.000000	-1	-1	-1	-1	-1	-1	-1	-1	-1	-1	-1	-1	-1	-1	-1	Sm	1.000000	-1	-1	-1	
1612	3	1	1435	1452	-1	-1	-1	-1	-1	-1	Ab	4.000000	-1	-1	-1	-1	-1	-1	-1	-1	-1	-1	-1	-1	-1	-1	-1	sm	0.000000	-1	-1	-1	
1616	3	1	1464	1416	-1	-1	-1	-1	-1	-1	Ab	4.000000	-1	-1	-1	-1	-1	-1	-1	-1	-1	-1	-1	-1	-1	-1	-1	Sm	1.000000	-1	-1	-1	
1616	3	1	1464	1416	-1	-1	-1	-1	-1	-1	Ab	4.000000	-1	-1	-1	-1	-1	-1	-1	-1	-1	-1	-1	-1	-1	-1	-1	sb	0.000000	-1	-1	-1	
1617	3	1	1442	1433	-1	-1	-1	-1	-1	-1	Ab	4.000000	-1	-1	-1	-1	-1	-1	-1	-1	-1	-1	-1	-1	-1	-1	-1	Sm	1.000000	-1	-1	-1	
1617	3	1	1442	1433	-1	-1	-1	-1	-1	-1	Ab	4.000000	-1	-1	-1	-1	-1	-1	-1	-1	-1	-1	-1	-1	-1	-1	-1	sm	0.000000	-1	-1	-1	
1568	3	0	1458	1463	-1	-1	-1	-1	-1	-1	Ab	4.000000	-1	-1	-1	-1	-1	-1	-1	-1	-1	-1	-1	-1	-1	-1	-1	sb	0.000000	-1	-1	-1	
1568	3	0	1458	1463	-1	-1	-1	-1	-1	-1	Ab	4.000000	-1	-1	-1	-1	-1	-1	-1	-1	-1	-1	-1	-1	-1	-1	-1	sb	0.000000	-1	-1	-1	
1569	3	0	1465	1445	-1	-1	-1	-1	-1	-1	Ab	4.000000	-1	-1	-1	-1	-1	-1	-1	-1	-1	-1	-1	-1	-1	-1	-1	sb	0.000000	-1	-1	-1	
1569	3	0	1465	1445	-1	-1	-1	-1	-1	-1	Ab	4.000000	-1	-1	-1	-1	-1	-1	-1	-1	-1	-1	-1	-1	-1	-1	-1	sm	0.000000	-1	-1	-1	
1570	3	0	1446	1445	-1	-1	-1	-1	-1	-1	Ab	4.000000	-1	-1	-1	-1	-1	-1	-1	-1	-1	-1	-1	-1	-1	-1	-1	sm	0.000000	-1	-1	-1	
1570	3	0	1446	1445	-1	-1	-1	-1	-1	-1	Ab	4.000000	-1	-1	-1	-1	-1	-1	-1	-1	-1	-1	-1	-1	-1	-1	-1	sm	0.000000	-1	-1	-1	
1574	3	0	1441	1449	-1	-1	-1	-1	-1	-1	Ab	4.000000	-1	-1	-1	-1	-1	-1	-1	-1	-1	-1	-1	-1	-1	-1	-1	sb	0.000000	-1	-1	-1	
1574	3	0	1441	1449	-1	-1	-1	-1	-1	-1	Ab	4.000000	-1	-1	-1	-1	-1	-1	-1	-1	-1	-1	-1	-1	-1	-1	-1	sb	0.000000	-1	-1	-1	
1576	3	0	1421	1449	-1	-1	-1	-1	-1	-1	Ab	4.000000	-1	-1	-1	-1	-1	-1	-1	-1	-1	-1	-1	-1	-1	-1	-1	sm	0.000000	-1	-1	-1	
1576	3	0	1421	1449	-1	-1	-1	-1	-1	-1	Ab	4.000000	-1	-1	-1	-1	-1	-1	-1	-1	-1	-1	-1	-1	-1	-1	-1	sb	0.000000	-1	-1	-1	
1581	3	0	1438	1443	-1	-1	-1	-1	-1	-1	Ab	4.000000	-1	-1	-1	-1	-1	-1	-1	-1	-1	-1	-1	-1	-1	-1	-1	sb	0.000000	-1	-1	-1	
1581	3	0	1438	1443	-1	-1	-1	-1	-1	-1	Ab	4.000000	-1	-1	-1	-1	-1	-1	-1	-1	-1	-1	-1	-1	-1	-1	-1	sb	0.000000	-1	-1	-1	
1583	3	0	1428	1443	-1	-1	-1	-1	-1	-1	Ab	4.000000	-1	-1	-1	-1	-1	-1	-1	-1	-1	-1	-1	-1	-1	-1	-1	sb	0.000000	-1	-1	-1	
1583	3	0	1428	1443	-1	-1	-1	-1	-1	-1	Ab	4.000000	-1	-1	-1	-1	-1	-1	-1	-1	-1	-1	-1	-1	-1	-1	-1	sb	0.000000	-1	-1	-1	
1584	3	0	1441	1418	-1	-1	-1	-1	-1	-1	Ab	4.000000	-1	-1	-1	-1	-1	-1	-1	-1	-1	-1	-1	-1	-1	-1	-1	sb	0.000000	-1	-1	-1	
1584	3	0	1441	1418	-1	-1	-1	-1	-1	-1	am	1.000000	-1	-1	-1	-1	-1	-1	-1	-1	-1	-1	-1	-1	-1	-1	-1	sm	0.000000	-1	-1	-1	
1585	3	0	1414	1418	-1	-1	-1	-1	-1	-1	Ab	4.000000	-1	-1	-1	-1	-1	-1	-1	-1	-1	-1	-1	-1	-1	-1	-1	sb	0.000000	-1	-1	-1	
1585	3	0	1414	1418	-1	-1	-1	-1	-1	-1	am	1.000000	-1	-1	-1	-1	-1	-1	-1	-1	-1	-1	-1	-1	-1	-1	-1	sm	0.000000	-1	-1	-1	
1586	3	0	1421	1418	-1	-1	-1	-1	-1	-1	Ab	4.000000	-1	-1	-1	-1	-1	-1	-1	-1	-1	-1	-1	-1	-1	-1	-1	sm	0.000000	-1	-1	-1	
1586	3	0	1421	1418	-1	-1	-1	-1	-1	-1	Ab	4.000000	-1	-1	-1	-1	-1	-1	-1	-1	-1	-1	-1	-1	-1	-1	-1	sm	0.000000	-1	-1	-1	
1587	3	0	1441	1432	-1	-1	-1	-1	-1	-1	Ab	4.000000	-1	-1	-1	-1	-1	-1	-1	-1	-1	-1	-1	-1	-1	-1	-1	sb	0.000000	-1	-1	-1	
1587	3	0	1441	1432	-1	-1	-1	-1	-1	-1	Ab	4.000000	-1	-1	-1	-1	-1	-1	-1	-1	-1	-1	-1	-1	-1	-1	-1	sb	0.000000	-1	-1	-1	
1588	3	0	1456	1432	-1	-1	-1	-1	-1	-1	Ab	4.000000	-1	-1	-1	-1	-1	-1	-1	-1	-1	-1	-1	-1	-1	-1	-1	sb	0.000000	-1	-1	-1	
1588	3	0	1456	1432	-1	-1	-1	-1	-1	-1	Ab	4.000000	-1	-1	-1	-1	-1	-1	-1	-1	-1	-1	-1	-1	-1	-1	-1	sb	0.000000	-1	-1	-1	
1594	3	0	1465	1436	-1	-1	-1	-1	-1	-1	Ab	4.000000	-1	-1	-1	-1	-1	-1	-1	-1	-1	-1	-1	-1	-1	-1	-1	sb	0.000000	-1	-1	-1	
1594	3	0	1465	1436	-1	-1	-1	-1	-1	-1	Ab	4.000000	-1	-1	-1	-1	-1	-1	-1	-1	-1	-1	-1	-1	-1	-1	-1	sm	0.000000	-1	-1	-1	
1597	3	0	1457	1436	-1	-1	-1	-1	-1	-1	Ab	4.000000	-1	-1	-1	-1	-1	-1	-1	-1	-1	-1	-1	-1	-1	-1	-1	sb	0.000000	-1	-1	-1	
1597	3	0	1457	1436	-1	-1	-1	-1	-1	-1	am	1.000000	-1	-1	-1	-1	-1	-1	-1	-1	-1	-1	-1	-1	-1	-1	-1	sb	0.000000	-1	-1	-1	
1598	3	0	1444	1436	-1	-1	-1	-1	-1	-1	Ab	4.000000	-1	-1	-1	-1	-1	-1	-1	-1	-1	-1	-1	-1	-1	-1	-1	sm	0.000000	-1	-1	-1	
1598	3	0	1444	1436	-1	-1	-1	-1	-1	-1	Ab	4.000000	-1	-1	-1	-1	-1	-1	-1	-1	-1	-1	-1	-1	-1	-1	-1	sm	0.000000	-1	-1	-1	
1599	3	0	1444	1436	-1	-1	-1	-1	-1	-1	Ab	4.000000	-1	-1	-1	-1	-1	-1	-1	-1	-1	-1	-1	-1	-1	-1	-1	sm	0.000000	-1	-1	-1	
1599	3	0	1444	1436	-1	-1	-1	-1	-1	-1	Ab	4.000000	-1	-1	-1	-1	-1	-1	-1	-1	-1	-1	-1	-1	-1	-1	-1	sb	0.000000	-1	-1	-1	
1601	3	0	1464	1433	-1	-1	-1	-1	-1	-1	Ab	4.000000	-1	-1	-1	-1	-1	-1	-1	-1	-1	-1	-1	-1	-1	-1	-1	sm	0.000000	-1	-1	-1	
1601	3	0	1464	1433	-1	-1	-1	-1	-1	-1	Ab	4.000000	-1	-1	-1	-1	-1	-1	-1	-1	-1	-1	-1	-1	-1	-1	-1	sm	0.000000	-1	-1	-1	
1602	3	0	1459	1433	-1	-1	-1	-1	-1	-1	Ab	4.000000	-1	-1	-1	-1	-1	-1	-1	-1	-1	-1	-1	-1	-1	-1	-1	sb	0.000000	-1	-1	-1	
1602	3	0	1459	1433	-1	-1	-1	-1	-1	-1	Ab	4.000000	-1	-1	-1	-1	-1	-1	-1	-1	-1	-1	-1	-1	-1	-1	-1	sm	0.000000	-1	-1	-1	
1603	3	0	1437	1433	-1	-1	-1	-1	-1	-1	Ab	4.000000	-1	-1	-1	-1	-1	-1	-1	-1	-1	-1	-1	-1	-1	-1	-1	sb	0.000000	-1	-1	-1	
1603	3	0	1437	1433	-1	-1	-1	-1	-1	-1	Ab	4.000000	-1	-1	-1	-1	-1	-1	-1	-1	-1	-1	-1	-1	-1	-1	-1	sb	0.000000	-1	-1	-1	
1608	3	0	1444	1415	-1	-1	-1	-1	-1	-1	Ab	4.000000	-1	-1	-1	-1	-1	-1	-1	-1	-1	-1	-1	-1	-1	-1	-1	sm	0.000000	-1	-1	-1	
1608	3	0	1444	1415	-1	-1	-1	-1	-1	-1	Ab	4.000000	-1	-1	-1	-1	-1	-1	-1	-1	-1	-1	-1	-1	-1	-1	-1	sb	0.000000	-1	-1	-1	
1611	3	0	1437	1452	-1	-1	-1	-1	-1	-1	Ab	4.000000	-1	-1	-1	-1	-1	-1	-1	-1	-1	-1	-1	-1	-1	-1	-1	sb	0.000000	-1	-1	-1	
1611	3	0	1437	1452	-1	-1	-1	-1	-1	-1	Ab	4.000000	-1	-1	-1	-1	-1	-1	-1	-1	-1	-1	-1	-1	-1	-1	-1	sm	0.000000	-1	-1	-1	
1613	3	0	1457	1422	-1	-1	-1	-1	-1	-1	Ab	4.000000	-1	-1	-1	-1	-1	-1	-1	-1	-1	-1	-1	-1	-1	-1	-1	sb	0.000000	-1	-1	-1	
1613	3	0	1457	1422	-1	-1	-1	-1	-1	-1	Ab	4.000000	-1	-1	-1	-1	-1	-1	-1	-1	-1	-1	-1	-1	-1	-1	-1	sm	0.000000	-1	-1	-1	
1614	3	0	1454	1422	-1	-1	-1	-1	-1	-1	Ab	4.000000	-1	-1	-1	-1	-1	-1	-1	-1	-1	-1	-1	-1	-1	-1	-1	sm	0.000000	-1	-1	-1	
1614	3	0	1454	1422	-1	-1	-1	-1	-1	-1	Ab	4.000000	-1	-1	-1	-1	-1	-1	-1	-1	-1	-1	-1	-1	-1	-1	-1	sm	0.000000	-1	-1	-1	
1615	3	0	1440	1416	-1	-1	-1	-1	-1	-1	Ab	4.000000	-1	-1	-1	-1	-1	-1	-1	-1	-1	-1	-1	-1	-1	-1	-1	sm	0.000000	-1	-1	-1	
1615	3	0	1440	1416	-1	-1	-1	-1	-1	-1	Ab	4.000000	-1	-1	-1	-1	-1	-1	-1	-1	-1	-1	-1	-1	-1	-1	-1	sb	0.000000	-1	-1	-1	
1618	3	0	1461	1426	-1	-1	-1	-1	-1	-1	Ab	4.000000	-1	-1	-1	-1	-1	-1	-1	-1	-1	-1	-1	-1	-1	-1	-1	sm	0.000000	-1	-1	-1	
1618	3	0	1461	1426	-1	-1	-1	-1	-1	-1	Ab	4.000000	-1	-1	-1	-1	-1	-1	-1	-1	-1	-1	-1	-1	-1	-1	-1	sb	0.000000	-1	-1	-1	
1620	4	1	1510	1480	-1	-1	-1	-1	-1	-1	Ab	4.000000	-1	-1	-1	-1	-1	-1	-1	-1	-1	-1	-1	-1	-1	-1	-1	Sm	1.000000	-1	-1	-1	
1620	4	1	1510	1480	-1	-1	-1	-1	-1	-1	Ab	4.000000	-1	-1	-1	-1	-1	-1	-1	-1	-1	-1	-1	-1	-1	-1	-1	sm	0.000000	-1	-1	-1	
1623	4	1	1504	1486	-1	-1	-1	-1	-1	-1	Ab	4.000000	-1	-1	-1	-1	-1	-1	-1	-1	-1	-1	-1	-1	-1	-1	-1	Sm	1.000000	-1	-1	-1	
1623	4	1	1504	1486	-1	-1	-1	-1	-1	-1	Ab	4.000000	-1	-1	-1	-1	-1	-1	-1	-1	-1	-1	-1	-1	-1	-1	-1	sb	0.000000	-1	-1	-1	
1625	4	1	1500	1472	-1	-1	-1	-1	-1	-1	Ab	4.000000	-1	-1	-1	-1	-1	-1	-1	-1	-1	-1	-1	-1	-1	-1	-1	Sm	1.000000	-1	-1	-1	
1625	4	1	1500	1472	-1	-1	-1	-1	-1	-1	Ab	4.000000	-1	-1	-1	-1	-1	-1	-1	-1	-1	-1	-1	-1	-1	-1	-1	sb	0.000000	-1	-1	-1	
1626	4	1	1509	1472	-1	-1	-1	-1	-1	-1	Ab	4.000000	-1	-1	-1	-1	-1	-1	-1	-1	-1	-1	-1	-1	-1	-1	-1	Sm	1.000000	-1	-1	-1	
1626	4	1	1509	1472	-1	-1	-1	-1	-1	-1	Ab	4.000000	-1	-1	-1	-1	-1	-1	-1	-1	-1	-1	-1	-1	-1	-1	-1	sb	0.000000	-1	-1	-1	
1627	4	1	1474	1472	-1	-1	-1	-1	-1	-1	Ab	4.000000	-1	-1	-1	-1	-1	-1	-1	-1	-1	-1	-1	-1	-1	-1	-1	Sm	1.000000	-1	-1	-1	
1627	4	1	1474	1472	-1	-1	-1	-1	-1	-1	Ab	4.000000	-1	-1	-1	-1	-1	-1	-1	-1	-1	-1	-1	-1	-1	-1	-1	sb	0.000000	-1	-1	-1	
1628	4	1	1485	1472	-1	-1	-1	-1	-1	-1	Ab	4.000000	-1	-1	-1	-1	-1	-1	-1	-1	-1	-1	-1	-1	-1	-1	-1	Sm	1.000000	-1	-1	-1	
1628	4	1	1485	1472	-1	-1	-1	-1	-1	-1	Ab	4.000000	-1	-1	-1	-1	-1	-1	-1	-1	-1	-1	-1	-1	-1	-1	-1	sb	0.000000	-1	-1	-1	
1631	4	1	1512	1511	-1	-1	-1	-1	-1	-1	Ab	4.000000	-1	-1	-1	-1	-1	-1	-1	-1	-1	-1	-1	-1	-1	-1	-1	Sm	1.000000	-1	-1	-1	
1631	4	1	1512	1511	-1	-1	-1	-1	-1	-1	Ab	4.000000	-1	-1	-1	-1	-1	-1	-1	-1	-1	-1	-1	-1	-1	-1	-1	sb	0.000000	-1	-1	-1	
1632	4	1	1499	1511	-1	-1	-1	-1	-1	-1	Ab	4.000000	-1	-1	-1	-1	-1	-1	-1	-1	-1	-1	-1	-1	-1	-1	-1	Sm	1.000000	-1	-1	-1	
1632	4	1	1499	1511	-1	-1	-1	-1	-1	-1	Ab	4.000000	-1	-1	-1	-1	-1	-1	-1	-1	-1	-1	-1	-1	-1	-1	-1	sb	0.000000	-1	-1	-1	
1636	4	1	1474	1467	-1	-1	-1	-1	-1	-1	Ab	4.000000	-1	-1	-1	-1	-1	-1	-1	-1	-1	-1	-1	-1	-1	-1	-1	Sm	1.000000	-1	-1	-1	
1636	4	1	1474	1467	-1	-1	-1	-1	-1	-1	Ab	4.000000	-1	-1	-1	-1	-1	-1	-1	-1	-1	-1	-1	-1	-1	-1	-1	sm	0.000000	-1	-1	-1	
1637	4	1	1512	1507	-1	-1	-1	-1	-1	-1	Ab	4.000000	-1	-1	-1	-1	-1	-1	-1	-1	-1	-1	-1	-1	-1	-1	-1	Sm	1.000000	-1	-1	-1	
1637	4	1	1512	1507	-1	-1	-1	-1	-1	-1	Ab	4.000000	-1	-1	-1	-1	-1	-1	-1	-1	-1	-1	-1	-1	-1	-1	-1	sb	0.000000	-1	-1	-1	
1638	4	1	1505	1507	-1	-1	-1	-1	-1	-1	Ab	4.000000	-1	-1	-1	-1	-1	-1	-1	-1	-1	-1	-1	-1	-1	-1	-1	Sm	1.000000	-1	-1	-1	
1638	4	1	1505	1507	-1	-1	-1	-1	-1	-1	am	1.000000	-1	-1	-1	-1	-1	-1	-1	-1	-1	-1	-1	-1	-1	-1	-1	sb	0.000000	-1	-1	-1	
1642	4	1	1501	1513	-1	-1	-1	-1	-1	-1	Ab	4.000000	-1	-1	-1	-1	-1	-1	-1	-1	-1	-1	-1	-1	-1	-1	-1	Sm	1.000000	-1	-1	-1	
1642	4	1	1501	1513	-1	-1	-1	-1	-1	-1	am	1.000000	-1	-1	-1	-1	-1	-1	-1	-1	-1	-1	-1	-1	-1	-1	-1	sb	0.000000	-1	-1	-1	
1643	4	1	1500	1513	-1	-1	-1	-1	-1	-1	Ab	4.000000	-1	-1	-1	-1	-1	-1	-1	-1	-1	-1	-1	-1	-1	-1	-1	Sm	1.000000	-1	-1	-1	
1643	4	1	1500	1513	-1	-1	-1	-1	-1	-1	Ab	4.000000	-1	-1	-1	-1	-1	-1	-1	-1	-1	-1	-1	-1	-1	-1	-1	sb	0.000000	-1	-1	-1	
1645	4	1	1489	1475	-1	-1	-1	-1	-1	-1	Ab	4.000000	-1	-1	-1	-1	-1	-1	-1	-1	-1	-1	-1	-1	-1	-1	-1	Sm	1.000000	-1	-1	-1	
1645	4	1	1489	1475	-1	-1	-1	-1	-1	-1	Ab	4.000000	-1	-1	-1	-1	-1	-1	-1	-1	-1	-1	-1	-1	-1	-1	-1	sm	0.000000	-1	-1	-1	
1646	4	1	1501	1475	-1	-1	-1	-1	-1	-1	Ab	4.000000	-1	-1	-1	-1	-1	-1	-1	-1	-1	-1	-1	-1	-1	-1	-1	Sm	1.000000	-1	-1	-1	
1646	4	1	1501	1475	-1	-1	-1	-1	-1	-1	Ab	4.000000	-1	-1	-1	-1	-1	-1	-1	-1	-1	-1	-1	-1	-1	-1	-1	sb	0.000000	-1	-1	-1	
1650	4	1	1483	1491	-1	-1	-1	-1	-1	-1	Ab	4.000000	-1	-1	-1	-1	-1	-1	-1	-1	-1	-1	-1	-1	-1	-1	-1	Sm	1.000000	-1	-1	-1	
1650	4	1	1483	1491	-1	-1	-1	-1	-1	-1	Ab	4.000000	-1	-1	-1	-1	-1	-1	-1	-1	-1	-1	-1	-1	-1	-1	-1	sb	0.000000	-1	-1	-1	
1651	4	1	1490	1491	-1	-1	-1	-1	-1	-1	Ab	4.000000	-1	-1	-1	-1	-1	-1	-1	-1	-1	-1	-1	-1	-1	-1	-1	Sm	1.000000	-1	-1	-1	
1651	4	1	1490	1491	-1	-1	-1	-1	-1	-1	Ab	4.000000	-1	-1	-1	-1	-1	-1	-1	-1	-1	-1	-1	-1	-1	-1	-1	sb	0.000000	-1	-1	-1	
1652	4	1	1488	1491	-1	-1	-1	-1	-1	-1	Ab	4.000000	-1	-1	-1	-1	-1	-1	-1	-1	-1	-1	-1	-1	-1	-1	-1	Sm	1.000000	-1	-1	-1	
1652	4	1	1488	1491	-1	-1	-1	-1	-1	-1	Ab	4.000000	-1	-1	-1	-1	-1	-1	-1	-1	-1	-1	-1	-1	-1	-1	-1	sb	0.000000	-1	-1	-1	
1653	4	1	1509	1491	-1	-1	-1	-1	-1	-1	Ab	4.000000	-1	-1	-1	-1	-1	-1	-1	-1	-1	-1	-1	-1	-1	-1	-1	Sm	1.000000	-1	-1	-1	
1653	4	1	1509	1491	-1	-1	-1	-1	-1	-1	Ab	4.000000	-1	-1	-1	-1	-1	-1	-1	-1	-1	-1	-1	-1	-1	-1	-1	sb	0.000000	-1	-1	-1	
1655	4	1	1500	1482	-1	-1	-1	-1	-1	-1	Ab	4.000000	-1	-1	-1	-1	-1	-1	-1	-1	-1	-1	-1	-1	-1	-1	-1	Sm	1.000000	-1	-1	-1	
1655	4	1	1500	1482	-1	-1	-1	-1	-1	-1	Ab	4.000000	-1	-1	-1	-1	-1	-1	-1	-1	-1	-1	-1	-1	-1	-1	-1	sb	0.000000	-1	-1	-1	
1656	4	1	1488	1502	-1	-1	-1	-1	-1	-1	Ab	4.000000	-1	-1	-1	-1	-1	-1	-1	-1	-1	-1	-1	-1	-1	-1	-1	Sm	1.000000	-1	-1	-1	
1656	4	1	1488	1502	-1	-1	-1	-1	-1	-1	Ab	4.000000	-1	-1	-1	-1	-1	-1	-1	-1	-1	-1	-1	-1	-1	-1	-1	sb	0.000000	-1	-1	-1	
1658	4	1	1510	1502	-1	-1	-1	-1	-1	-1	Ab	4.000000	-1	-1	-1	-1	-1	-1	-1	-1	-1	-1	-1	-1	-1	-1	-1	Sm	1.000000	-1	-1	-1	
1658	4	1	1510	1502	-1	-1	-1	-1	-1	-1	Ab	4.000000	-1	-1	-1	-1	-1	-1	-1	-1	-1	-1	-1	-1	-1	-1	-1	sb	0.000000	-1	-1	-1	
1659	4	1	1499	1502	-1	-1	-1	-1	-1	-1	Ab	4.000000	-1	-1	-1	-1	-1	-1	-1	-1	-1	-1	-1	-1	-1	-1	-1	Sm	1.000000	-1	-1	-1	
1659	4	1	1499	1502	-1	-1	-1	-1	-1	-1	Ab	4.000000	-1	-1	-1	-1	-1	-1	-1	-1	-1	-1	-1	-1	-1	-1	-1	sb	0.000000	-1	-1	-1	
1660	4	1	1469	1466	-1	-1	-1	-1	-1	-1	Ab	4.000000	-1	-1	-1	-1	-1	-1	-1	-1	-1	-1	-1	-1	-1	-1	-1	Sm	1.000000	-1	-1	-1	
1660	4	1	1469	1466	-1	-1	-1	-1	-1	-1	Ab	4.000000	-1	-1	-1	-1	-1	-1	-1	-1	-1	-1	-1	-1	-1	-1	-1	sm	0.000000	-1	-1	-1	
1662	4	1	1504	1466	-1	-1	-1	-1	-1	-1	Ab	4.000000	-1	-1	-1	-1	-1	-1	-1	-1	-1	-1	-1	-1	-1	-1	-1	Sm	1.000000	-1	-1	-1	
1662	4	1	1504	1466	-1	-1	-1	-1	-1	-1	Ab	4.000000	-1	-1	-1	-1	-1	-1	-1	-1	-1	-1	-1	-1	-1	-1	-1	sm	0.000000	-1	-1	-1	
1664	4	1	1468	1492	-1	-1	-1	-1	-1	-1	Ab	4.000000	-1	-1	-1	-1	-1	-1	-1	-1	-1	-1	-1	-1	-1	-1	-1	Sm	1.000000	-1	-1	-1	
1664	4	1	1468	1492	-1	-1	-1	-1	-1	-1	Ab	4.000000	-1	-1	-1	-1	-1	-1	-1	-1	-1	-1	-1	-1	-1	-1	-1	sb	0.000000	-1	-1	-1	
1666	4	1	1469	1497	-1	-1	-1	-1	-1	-1	Ab	4.000000	-1	-1	-1	-1	-1	-1	-1	-1	-1	-1	-1	-1	-1	-1	-1	Sm	1.000000	-1	-1	-1	
1666	4	1	1469	1497	-1	-1	-1	-1	-1	-1	am	1.000000	-1	-1	-1	-1	-1	-1	-1	-1	-1	-1	-1	-1	-1	-1	-1	sm	0.000000	-1	-1	-1	
1667	4	1	1490	1497	-1	-1	-1	-1	-1	-1	Ab	4.000000	-1	-1	-1	-1	-1	-1	-1	-1	-1	-1	-1	-1	-1	-1	-1	Sm	1.000000	-1	-1	-1	
1667	4	1	1490	1497	-1	-1	-1	-1	-1	-1	am	1.000000	-1	-1	-1	-1	-1	-1	-1	-1	-1	-1	-1	-1	-1	-1	-1	sb	0.000000	-1	-1	-1	
1619	4	0	1506	1480	-1	-1	-1	-1	-1	-1	Ab	4.000000	-1	-1	-1	-1	-1	-1	-1	-1	-1	-1	-1	-1	-1	-1	-1	sb	0.000000	-1	-1	-1	
1619	4	0	1506	1480	-1	-1	-1	-1	-1	-1	Ab	4.000000	-1	-1	-1	-1	-1	-1	-1	-1	-1	-1	-1	-1	-1	-1	-1	sm	0.000000	-1	-1	-1	
1621	4	0	1512	1480	-1	-1	-1	-1	-1	-1	Ab	4.000000	-1	-1	-1	-1	-1	-1	-1	-1	-1	-1	-1	-1	-1	-1	-1	sb	0.000000	-1	-1	-1	
1621	4	0	1512	1480	-1	-1	-1	-1	-1	-1	Ab	4.000000	-1	-1	-1	-1	-1	-1	-1	-1	-1	-1	-1	-1	-1	-1	-1	sb	0.000000	-1	-1	-1	
1622	4	0	1468	1480	-1	-1	-1	-1	-1	-1	Ab	4.000000	-1	-1	-1	-1	-1	-1	-1	-1	-1	-1	-1	-1	-1	-1	-1	sb	0.000000	-1	-1	-1	
1622	4	0	1468	1480	-1	-1	-1	-1	-1	-1	Ab	4.000000	-1	-1	-1	-1	-1	-1	-1	-1	-1	-1	-1	-1	-1	-1	-1	sb	0.000000	-1	-1	-1	
1624	4	0	1500	1486	-1	-1	-1	-1	-1	-1	Ab	4.000000	-1	-1	-1	-1	-1	-1	-1	-1	-1	-1	-1	-1	-1	-1	-1	sb	0.000000	-1	-1	-1	
1624	4	0	1500	1486	-1	-1	-1	-1	-1	-1	Ab	4.000000	-1	-1	-1	-1	-1	-1	-1	-1	-1	-1	-1	-1	-1	-1	-1	sb	0.000000	-1	-1	-1	
1629	4	0	1515	1470	-1	-1	-1	-1	-1	-1	Ab	4.000000	-1	-1	-1	-1	-1	-1	-1	-1	-1	-1	-1	-1	-1	-1	-1	sb	0.000000	-1	-1	-1	
1629	4	0	1515	1470	-1	-1	-1	-1	-1	-1	Ab	4.000000	-1	-1	-1	-1	-1	-1	-1	-1	-1	-1	-1	-1	-1	-1	-1	sb	0.000000	-1	-1	-1	
1630	4	0	1510	1511	-1	-1	-1	-1	-1	-1	Ab	4.000000	-1	-1	-1	-1	-1	-1	-1	-1	-1	-1	-1	-1	-1	-1	-1	sb	0.000000	-1	-1	-1	
1630	4	0	1510	1511	-1	-1	-1	-1	-1	-1	Ab	4.000000	-1	-1	-1	-1	-1	-1	-1	-1	-1	-1	-1	-1	-1	-1	-1	sb	0.000000	-1	-1	-1	
1633	4	0	1477	1511	-1	-1	-1	-1	-1	-1	Ab	4.000000	-1	-1	-1	-1	-1	-1	-1	-1	-1	-1	-1	-1	-1	-1	-1	sb	0.000000	-1	-1	-1	
1633	4	0	1477	1511	-1	-1	-1	-1	-1	-1	Ab	4.000000	-1	-1	-1	-1	-1	-1	-1	-1	-1	-1	-1	-1	-1	-1	-1	sb	0.000000	-1	-1	-1	
1634	4	0	1484	1503	-1	-1	-1	-1	-1	-1	Ab	4.000000	-1	-1	-1	-1	-1	-1	-1	-1	-1	-1	-1	-1	-1	-1	-1	sb	0.000000	-1	-1	-1	
1634	4	0	1484	1503	-1	-1	-1	-1	-1	-1	Ab	4.000000	-1	-1	-1	-1	-1	-1	-1	-1	-1	-1	-1	-1	-1	-1	-1	sb	0.000000	-1	-1	-1	
1635	4	0	1468	1503	-1	-1	-1	-1	-1	-1	Ab	4.000000	-1	-1	-1	-1	-1	-1	-1	-1	-1	-1	-1	-1	-1	-1	-1	sb	0.000000	-1	-1	-1	
1635	4	0	1468	1503	-1	-1	-1	-1	-1	-1	Ab	4.000000	-1	-1	-1	-1	-1	-1	-1	-1	-1	-1	-1	-1	-1	-1	-1	sb	0.000000	-1	-1	-1	
1639	4	0	1498	1471	-1	-1	-1	-1	-1	-1	Ab	4.000000	-1	-1	-1	-1	-1	-1	-1	-1	-1	-1	-1	-1	-1	-1	-1	sb	0.000000	-1	-1	-1	
1639	4	0	1498	1471	-1	-1	-1	-1	-1	-1	Ab	4.000000	-1	-1	-1	-1	-1	-1	-1	-1	-1	-1	-1	-1	-1	-1	-1	sb	0.000000	-1	-1	-1	
1644	4	0	1498	1513	-1	-1	-1	-1	-1	-1	Ab	4.000000	-1	-1	-1	-1	-1	-1	-1	-1	-1	-1	-1	-1	-1	-1	-1	sb	0.000000	-1	-1	-1	
1644	4	0	1498	1513	-1	-1	-1	-1	-1	-1	am	1.000000	-1	-1	-1	-1	-1	-1	-1	-1	-1	-1	-1	-1	-1	-1	-1	sb	0.000000	-1	-1	-1	
1647	4	0	1483	1475	-1	-1	-1	-1	-1	-1	Ab	4.000000	-1	-1	-1	-1	-1	-1	-1	-1	-1	-1	-1	-1	-1	-1	-1	sb	0.000000	-1	-1	-1	
1647	4	0	1483	1475	-1	-1	-1	-1	-1	-1	Ab	4.000000	-1	-1	-1	-1	-1	-1	-1	-1	-1	-1	-1	-1	-1	-1	-1	sb	0.000000	-1	-1	-1	
1648	4	0	1501	1475	-1	-1	-1	-1	-1	-1	Ab	4.000000	-1	-1	-1	-1	-1	-1	-1	-1	-1	-1	-1	-1	-1	-1	-1	sb	0.000000	-1	-1	-1	
1648	4	0	1501	1475	-1	-1	-1	-1	-1	-1	Ab	4.000000	-1	-1	-1	-1	-1	-1	-1	-1	-1	-1	-1	-1	-1	-1	-1	sb	0.000000	-1	-1	-1	
1649	4	0	1477	1491	-1	-1	-1	-1	-1	-1	Ab	4.000000	-1	-1	-1	-1	-1	-1	-1	-1	-1	-1	-1	-1	-1	-1	-1	sb	0.000000	-1	-1	-1	
1649	4	0	1477	1491	-1	-1	-1	-1	-1	-1	Ab	4.000000	-1	-1	-1	-1	-1	-1	-1	-1	-1	-1	-1	-1	-1	-1	-1	sb	0.000000	-1	-1	-1	
1654	4	0	1508	1478	-1	-1	-1	-1	-1	-1	Ab	4.000000	-1	-1	-1	-1	-1	-1	-1	-1	-1	-1	-1	-1	-1	-1	-1	sb	0.000000	-1	-1	-1	
1654	4	0	1508	1478	-1	-1	-1	-1	-1	-1	Ab	4.000000	-1	-1	-1	-1	-1	-1	-1	-1	-1	-1	-1	-1	-1	-1	-1	sm	0.000000	-1	-1	-1	
1657	4	0	1498	1502	-1	-1	-1	-1	-1	-1	Ab	4.000000	-1	-1	-1	-1	-1	-1	-1	-1	-1	-1	-1	-1	-1	-1	-1	sb	0.000000	-1	-1	-1	
1657	4	0	1498	1502	-1	-1	-1	-1	-1	-1	Ab	4.000000	-1	-1	-1	-1	-1	-1	-1	-1	-1	-1	-1	-1	-1	-1	-1	sb	0.000000	-1	-1	-1	
1661	4	0	1500	1466	-1	-1	-1	-1	-1	-1	Ab	4.000000	-1	-1	-1	-1	-1	-1	-1	-1	-1	-1	-1	-1	-1	-1	-1	sb	0.000000	-1	-1	-1	
1661	4	0	1500	1466	-1	-1	-1	-1	-1	-1	Ab	4.000000	-1	-1	-1	-1	-1	-1	-1	-1	-1	-1	-1	-1	-1	-1	-1	sm	0.000000	-1	-1	-1	
1663	4	0	1504	1492	-1	-1	-1	-1	-1	-1	Ab	4.000000	-1	-1	-1	-1	-1	-1	-1	-1	-1	-1	-1	-1	-1	-1	-1	sb	0.000000	-1	-1	-1	
1663	4	0	1504	1492	-1	-1	-1	-1	-1	-1	Ab	4.000000	-1	-1	-1	-1	-1	-1	-1	-1	-1	-1	-1	-1	-1	-1	-1	sb	0.000000	-1	-1	-1	
1665	4	0	1501	1497	-1	-1	-1	-1	-1	-1	Ab	4.000000	-1	-1	-1	-1	-1	-1	-1	-1	-1	-1	-1	-1	-1	-1	-1	sb	0.000000	-1	-1	-1	
1665	4	0	1501	1497	-1	-1	-1	-1	-1	-1	Ab	4.000000	-1	-1	-1	-1	-1	-1	-1	-1	-1	-1	-1	-1	-1	-1	-1	sb	0.000000	-1	-1	-1	
1668	4	0	1477	1514	-1	-1	-1	-1	-1	-1	Ab	4.000000	-1	-1	-1	-1	-1	-1	-1	-1	-1	-1	-1	-1	-1	-1	-1	sb	0.000000	-1	-1	-1	
1668	4	0	1477	1514	-1	-1	-1	-1	-1	-1	Ab	4.000000	-1	-1	-1	-1	-1	-1	-1	-1	-1	-1	-1	-1	-1	-1	-1	sb	0.000000	-1	-1	-1	
1669	4	0	1481	1514	-1	-1	-1	-1	-1	-1	Ab	4.000000	-1	-1	-1	-1	-1	-1	-1	-1	-1	-1	-1	-1	-1	-1	-1	sb	0.000000	-1	-1	-1	
1669	4	0	1481	1514	-1	-1	-1	-1	-1	-1	Ab	4.000000	-1	-1	-1	-1	-1	-1	-1	-1	-1	-1	-1	-1	-1	-1	-1	sb	0.000000	-1	-1	-1	
1670	4	0	1505	1487	-1	-1	-1	-1	-1	-1	Ab	4.000000	-1	-1	-1	-1	-1	-1	-1	-1	-1	-1	-1	-1	-1	-1	-1	sb	0.000000	-1	-1	-1	
1670	4	0	1505	1487	-1	-1	-1	-1	-1	-1	Ab	4.000000	-1	-1	-1	-1	-1	-1	-1	-1	-1	-1	-1	-1	-1	-1	-1	sb	0.000000	-1	-1	-1	
1672	5	1	1532	1545	-1	-1	-1	-1	-1	-1	Ab	4.000000	-1	-1	-1	-1	-1	-1	-1	-1	-1	-1	-1	-1	-1	-1	-1	Sm	1.000000	-1	-1	-1	
1672	5	1	1532	1545	-1	-1	-1	-1	-1	-1	Ab	4.000000	-1	-1	-1	-1	-1	-1	-1	-1	-1	-1	-1	-1	-1	-1	-1	sm	0.000000	-1	-1	-1	
1675	5	1	1537	1553	-1	-1	-1	-1	-1	-1	Ab	4.000000	-1	-1	-1	-1	-1	-1	-1	-1	-1	-1	-1	-1	-1	-1	-1	Sm	1.000000	-1	-1	-1	
1675	5	1	1537	1553	-1	-1	-1	-1	-1	-1	Ab	4.000000	-1	-1	-1	-1	-1	-1	-1	-1	-1	-1	-1	-1	-1	-1	-1	sb	0.000000	-1	-1	-1	
1676	5	1	1519	1553	-1	-1	-1	-1	-1	-1	Ab	4.000000	-1	-1	-1	-1	-1	-1	-1	-1	-1	-1	-1	-1	-1	-1	-1	Sm	1.000000	-1	-1	-1	
1676	5	1	1519	1553	-1	-1	-1	-1	-1	-1	Ab	4.000000	-1	-1	-1	-1	-1	-1	-1	-1	-1	-1	-1	-1	-1	-1	-1	sb	0.000000	-1	-1	-1	
1678	5	1	1519	1553	-1	-1	-1	-1	-1	-1	Ab	4.000000	-1	-1	-1	-1	-1	-1	-1	-1	-1	-1	-1	-1	-1	-1	-1	Sm	1.000000	-1	-1	-1	
1678	5	1	1519	1553	-1	-1	-1	-1	-1	-1	Ab	4.000000	-1	-1	-1	-1	-1	-1	-1	-1	-1	-1	-1	-1	-1	-1	-1	sb	0.000000	-1	-1	-1	
1679	5	1	1537	1518	-1	-1	-1	-1	-1	-1	Ab	4.000000	-1	-1	-1	-1	-1	-1	-1	-1	-1	-1	-1	-1	-1	-1	-1	Sm	1.000000	-1	-1	-1	
1679	5	1	1537	1518	-1	-1	-1	-1	-1	-1	Ab	4.000000	-1	-1	-1	-1	-1	-1	-1	-1	-1	-1	-1	-1	-1	-1	-1	sm	0.000000	-1	-1	-1	
1681	5	1	1520	1566	-1	-1	-1	-1	-1	-1	Ab	4.000000	-1	-1	-1	-1	-1	-1	-1	-1	-1	-1	-1	-1	-1	-1	-1	Sm	1.000000	-1	-1	-1	
1681	5	1	1520	1566	-1	-1	-1	-1	-1	-1	Ab	4.000000	-1	-1	-1	-1	-1	-1	-1	-1	-1	-1	-1	-1	-1	-1	-1	sm	0.000000	-1	-1	-1	
1684	5	1	1546	1538	-1	-1	-1	-1	-1	-1	Ab	4.000000	-1	-1	-1	-1	-1	-1	-1	-1	-1	-1	-1	-1	-1	-1	-1	Sm	1.000000	-1	-1	-1	
1684	5	1	1546	1538	-1	-1	-1	-1	-1	-1	Ab	4.000000	-1	-1	-1	-1	-1	-1	-1	-1	-1	-1	-1	-1	-1	-1	-1	sb	0.000000	-1	-1	-1	
1690	5	1	1533	1550	-1	-1	-1	-1	-1	-1	Ab	4.000000	-1	-1	-1	-1	-1	-1	-1	-1	-1	-1	-1	-1	-1	-1	-1	Sm	1.000000	-1	-1	-1	
1690	5	1	1533	1550	-1	-1	-1	-1	-1	-1	Ab	4.000000	-1	-1	-1	-1	-1	-1	-1	-1	-1	-1	-1	-1	-1	-1	-1	sm	0.000000	-1	-1	-1	
1691	5	1	1535	1561	-1	-1	-1	-1	-1	-1	Ab	4.000000	-1	-1	-1	-1	-1	-1	-1	-1	-1	-1	-1	-1	-1	-1	-1	Sm	1.000000	-1	-1	-1	
1691	5	1	1535	1561	-1	-1	-1	-1	-1	-1	Ab	4.000000	-1	-1	-1	-1	-1	-1	-1	-1	-1	-1	-1	-1	-1	-1	-1	sm	0.000000	-1	-1	-1	
1692	5	1	1526	1561	-1	-1	-1	-1	-1	-1	am	1.000000	-1	-1	-1	-1	-1	-1	-1	-1	-1	-1	-1	-1	-1	-1	-1	Sm	1.000000	-1	-1	-1	
1692	5	1	1526	1561	-1	-1	-1	-1	-1	-1	Ab	4.000000	-1	-1	-1	-1	-1	-1	-1	-1	-1	-1	-1	-1	-1	-1	-1	sm	0.000000	-1	-1	-1	
1694	5	1	1555	1544	-1	-1	-1	-1	-1	-1	Ab	4.000000	-1	-1	-1	-1	-1	-1	-1	-1	-1	-1	-1	-1	-1	-1	-1	Sm	1.000000	-1	-1	-1	
1694	5	1	1555	1544	-1	-1	-1	-1	-1	-1	Ab	4.000000	-1	-1	-1	-1	-1	-1	-1	-1	-1	-1	-1	-1	-1	-1	-1	sm	0.000000	-1	-1	-1	
1700	5	1	1532	1556	-1	-1	-1	-1	-1	-1	Ab	4.000000	-1	-1	-1	-1	-1	-1	-1	-1	-1	-1	-1	-1	-1	-1	-1	Sm	1.000000	-1	-1	-1	
1700	5	1	1532	1556	-1	-1	-1	-1	-1	-1	Ab	4.000000	-1	-1	-1	-1	-1	-1	-1	-1	-1	-1	-1	-1	-1	-1	-1	sm	0.000000	-1	-1	-1	
1701	5	1	1526	1556	-1	-1	-1	-1	-1	-1	Ab	4.000000	-1	-1	-1	-1	-1	-1	-1	-1	-1	-1	-1	-1	-1	-1	-1	Sm	1.000000	-1	-1	-1	
1701	5	1	1526	1556	-1	-1	-1	-1	-1	-1	Ab	4.000000	-1	-1	-1	-1	-1	-1	-1	-1	-1	-1	-1	-1	-1	-1	-1	sm	0.000000	-1	-1	-1	
1702	5	1	1519	1556	-1	-1	-1	-1	-1	-1	Ab	4.000000	-1	-1	-1	-1	-1	-1	-1	-1	-1	-1	-1	-1	-1	-1	-1	Sm	1.000000	-1	-1	-1	
1702	5	1	1519	1556	-1	-1	-1	-1	-1	-1	Ab	4.000000	-1	-1	-1	-1	-1	-1	-1	-1	-1	-1	-1	-1	-1	-1	-1	sm	0.000000	-1	-1	-1	
1703	5	1	1529	1556	-1	-1	-1	-1	-1	-1	Ab	4.000000	-1	-1	-1	-1	-1	-1	-1	-1	-1	-1	-1	-1	-1	-1	-1	Sm	1.000000	-1	-1	-1	
1703	5	1	1529	1556	-1	-1	-1	-1	-1	-1	Ab	4.000000	-1	-1	-1	-1	-1	-1	-1	-1	-1	-1	-1	-1	-1	-1	-1	sm	0.000000	-1	-1	-1	
1707	5	1	1527	1534	-1	-1	-1	-1	-1	-1	am	1.000000	-1	-1	-1	-1	-1	-1	-1	-1	-1	-1	-1	-1	-1	-1	-1	Sm	1.000000	-1	-1	-1	
1707	5	1	1527	1534	-1	-1	-1	-1	-1	-1	Ab	4.000000	-1	-1	-1	-1	-1	-1	-1	-1	-1	-1	-1	-1	-1	-1	-1	sb	0.000000	-1	-1	-1	
1709	5	1	1537	1534	-1	-1	-1	-1	-1	-1	Ab	4.000000	-1	-1	-1	-1	-1	-1	-1	-1	-1	-1	-1	-1	-1	-1	-1	Sm	1.000000	-1	-1	-1	
1709	5	1	1537	1534	-1	-1	-1	-1	-1	-1	am	1.000000	-1	-1	-1	-1	-1	-1	-1	-1	-1	-1	-1	-1	-1	-1	-1	sm	0.000000	-1	-1	-1	
1711	5	1	1522	1543	-1	-1	-1	-1	-1	-1	Ab	4.000000	-1	-1	-1	-1	-1	-1	-1	-1	-1	-1	-1	-1	-1	-1	-1	Sm	1.000000	-1	-1	-1	
1711	5	1	1522	1543	-1	-1	-1	-1	-1	-1	Ab	4.000000	-1	-1	-1	-1	-1	-1	-1	-1	-1	-1	-1	-1	-1	-1	-1	sm	0.000000	-1	-1	-1	
1712	5	1	1547	1543	-1	-1	-1	-1	-1	-1	Ab	4.000000	-1	-1	-1	-1	-1	-1	-1	-1	-1	-1	-1	-1	-1	-1	-1	Sm	1.000000	-1	-1	-1	
1712	5	1	1547	1543	-1	-1	-1	-1	-1	-1	Ab	4.000000	-1	-1	-1	-1	-1	-1	-1	-1	-1	-1	-1	-1	-1	-1	-1	sm	0.000000	-1	-1	-1	
1715	5	1	1529	1556	-1	-1	-1	-1	-1	-1	Ab	4.000000	-1	-1	-1	-1	-1	-1	-1	-1	-1	-1	-1	-1	-1	-1	-1	Sm	1.000000	-1	-1	-1	
1715	5	1	1529	1556	-1	-1	-1	-1	-1	-1	Ab	4.000000	-1	-1	-1	-1	-1	-1	-1	-1	-1	-1	-1	-1	-1	-1	-1	sm	0.000000	-1	-1	-1	
1717	5	1	1546	1554	-1	-1	-1	-1	-1	-1	Ab	4.000000	-1	-1	-1	-1	-1	-1	-1	-1	-1	-1	-1	-1	-1	-1	-1	Sm	1.000000	-1	-1	-1	
1717	5	1	1546	1554	-1	-1	-1	-1	-1	-1	Ab	4.000000	-1	-1	-1	-1	-1	-1	-1	-1	-1	-1	-1	-1	-1	-1	-1	sb	0.000000	-1	-1	-1	
1719	5	1	1517	1523	-1	-1	-1	-1	-1	-1	Ab	4.000000	-1	-1	-1	-1	-1	-1	-1	-1	-1	-1	-1	-1	-1	-1	-1	Sm	1.000000	-1	-1	-1	
1719	5	1	1517	1523	-1	-1	-1	-1	-1	-1	am	1.000000	-1	-1	-1	-1	-1	-1	-1	-1	-1	-1	-1	-1	-1	-1	-1	sm	0.000000	-1	-1	-1	
1720	5	1	1530	1548	-1	-1	-1	-1	-1	-1	Ab	4.000000	-1	-1	-1	-1	-1	-1	-1	-1	-1	-1	-1	-1	-1	-1	-1	Sm	1.000000	-1	-1	-1	
1720	5	1	1530	1548	-1	-1	-1	-1	-1	-1	Ab	4.000000	-1	-1	-1	-1	-1	-1	-1	-1	-1	-1	-1	-1	-1	-1	-1	sm	0.000000	-1	-1	-1	
1673	5	0	1549	1545	-1	-1	-1	-1	-1	-1	Ab	4.000000	-1	-1	-1	-1	-1	-1	-1	-1	-1	-1	-1	-1	-1	-1	-1	sb	0.000000	-1	-1	-1	
1673	5	0	1549	1545	-1	-1	-1	-1	-1	-1	Ab	4.000000	-1	-1	-1	-1	-1	-1	-1	-1	-1	-1	-1	-1	-1	-1	-1	sm	0.000000	-1	-1	-1	
1674	5	0	1559	1545	-1	-1	-1	-1	-1	-1	Ab	4.000000	-1	-1	-1	-1	-1	-1	-1	-1	-1	-1	-1	-1	-1	-1	-1	sm	0.000000	-1	-1	-1	
1674	5	0	1559	1545	-1	-1	-1	-1	-1	-1	Ab	4.000000	-1	-1	-1	-1	-1	-1	-1	-1	-1	-1	-1	-1	-1	-1	-1	sm	0.000000	-1	-1	-1	
1677	5	0	1531	1553	-1	-1	-1	-1	-1	-1	Ab	4.000000	-1	-1	-1	-1	-1	-1	-1	-1	-1	-1	-1	-1	-1	-1	-1	sm	0.000000	-1	-1	-1	
1677	5	0	1531	1553	-1	-1	-1	-1	-1	-1	Ab	4.000000	-1	-1	-1	-1	-1	-1	-1	-1	-1	-1	-1	-1	-1	-1	-1	sm	0.000000	-1	-1	-1	
1680	5	0	1531	1518	-1	-1	-1	-1	-1	-1	Ab	4.000000	-1	-1	-1	-1	-1	-1	-1	-1	-1	-1	-1	-1	-1	-1	-1	sm	0.000000	-1	-1	-1	
1680	5	0	1531	1518	-1	-1	-1	-1	-1	-1	Ab	4.000000	-1	-1	-1	-1	-1	-1	-1	-1	-1	-1	-1	-1	-1	-1	-1	sb	0.000000	-1	-1	-1	
1682	5	0	1521	1566	-1	-1	-1	-1	-1	-1	Ab	4.000000	-1	-1	-1	-1	-1	-1	-1	-1	-1	-1	-1	-1	-1	-1	-1	sm	0.000000	-1	-1	-1	
1682	5	0	1521	1566	-1	-1	-1	-1	-1	-1	Ab	4.000000	-1	-1	-1	-1	-1	-1	-1	-1	-1	-1	-1	-1	-1	-1	-1	sb	0.000000	-1	-1	-1	
1683	5	0	1547	1523	-1	-1	-1	-1	-1	-1	Ab	4.000000	-1	-1	-1	-1	-1	-1	-1	-1	-1	-1	-1	-1	-1	-1	-1	sm	0.000000	-1	-1	-1	
1683	5	0	1547	1523	-1	-1	-1	-1	-1	-1	am	1.000000	-1	-1	-1	-1	-1	-1	-1	-1	-1	-1	-1	-1	-1	-1	-1	sb	0.000000	-1	-1	-1	
1685	5	0	1541	1538	-1	-1	-1	-1	-1	-1	Ab	4.000000	-1	-1	-1	-1	-1	-1	-1	-1	-1	-1	-1	-1	-1	-1	-1	sb	0.000000	-1	-1	-1	
1685	5	0	1541	1538	-1	-1	-1	-1	-1	-1	Ab	4.000000	-1	-1	-1	-1	-1	-1	-1	-1	-1	-1	-1	-1	-1	-1	-1	sb	0.000000	-1	-1	-1	
1686	5	0	1547	1538	-1	-1	-1	-1	-1	-1	Ab	4.000000	-1	-1	-1	-1	-1	-1	-1	-1	-1	-1	-1	-1	-1	-1	-1	sm	0.000000	-1	-1	-1	
1686	5	0	1547	1538	-1	-1	-1	-1	-1	-1	Ab	4.000000	-1	-1	-1	-1	-1	-1	-1	-1	-1	-1	-1	-1	-1	-1	-1	sm	0.000000	-1	-1	-1	
1687	5	0	1528	1538	-1	-1	-1	-1	-1	-1	Ab	4.000000	-1	-1	-1	-1	-1	-1	-1	-1	-1	-1	-1	-1	-1	-1	-1	sb	0.000000	-1	-1	-1	
1687	5	0	1528	1538	-1	-1	-1	-1	-1	-1	Ab	4.000000	-1	-1	-1	-1	-1	-1	-1	-1	-1	-1	-1	-1	-1	-1	-1	sb	0.000000	-1	-1	-1	
1688	5	0	1549	1550	-1	-1	-1	-1	-1	-1	am	1.000000	-1	-1	-1	-1	-1	-1	-1	-1	-1	-1	-1	-1	-1	-1	-1	sb	0.000000	-1	-1	-1	
1688	5	0	1549	1550	-1	-1	-1	-1	-1	-1	Ab	4.000000	-1	-1	-1	-1	-1	-1	-1	-1	-1	-1	-1	-1	-1	-1	-1	sb	0.000000	-1	-1	-1	
1689	5	0	1567	1550	-1	-1	-1	-1	-1	-1	Ab	4.000000	-1	-1	-1	-1	-1	-1	-1	-1	-1	-1	-1	-1	-1	-1	-1	sb	0.000000	-1	-1	-1	
1689	5	0	1567	1550	-1	-1	-1	-1	-1	-1	am	1.000000	-1	-1	-1	-1	-1	-1	-1	-1	-1	-1	-1	-1	-1	-1	-1	sm	0.000000	-1	-1	-1	
1693	5	0	1526	1544	-1	-1	-1	-1	-1	-1	Ab	4.000000	-1	-1	-1	-1	-1	-1	-1	-1	-1	-1	-1	-1	-1	-1	-1	sm	0.000000	-1	-1	-1	
1693	5	0	1526	1544	-1	-1	-1	-1	-1	-1	Ab	4.000000	-1	-1	-1	-1	-1	-1	-1	-1	-1	-1	-1	-1	-1	-1	-1	sb	0.000000	-1	-1	-1	
1695	5	0	1533	1544	-1	-1	-1	-1	-1	-1	Ab	4.000000	-1	-1	-1	-1	-1	-1	-1	-1	-1	-1	-1	-1	-1	-1	-1	sb	0.000000	-1	-1	-1	
1695	5	0	1533	1544	-1	-1	-1	-1	-1	-1	Ab	4.000000	-1	-1	-1	-1	-1	-1	-1	-1	-1	-1	-1	-1	-1	-1	-1	sm	0.000000	-1	-1	-1	
1696	5	0	1552	1544	-1	-1	-1	-1	-1	-1	Ab	4.000000	-1	-1	-1	-1	-1	-1	-1	-1	-1	-1	-1	-1	-1	-1	-1	sb	0.000000	-1	-1	-1	
1696	5	0	1552	1544	-1	-1	-1	-1	-1	-1	Ab	4.000000	-1	-1	-1	-1	-1	-1	-1	-1	-1	-1	-1	-1	-1	-1	-1	sm	0.000000	-1	-1	-1	
1697	5	0	1562	1544	-1	-1	-1	-1	-1	-1	Ab	4.000000	-1	-1	-1	-1	-1	-1	-1	-1	-1	-1	-1	-1	-1	-1	-1	sm	0.000000	-1	-1	-1	
1697	5	0	1562	1544	-1	-1	-1	-1	-1	-1	Ab	4.000000	-1	-1	-1	-1	-1	-1	-1	-1	-1	-1	-1	-1	-1	-1	-1	sb	0.000000	-1	-1	-1	
1698	5	0	1527	1544	-1	-1	-1	-1	-1	-1	am	1.000000	-1	-1	-1	-1	-1	-1	-1	-1	-1	-1	-1	-1	-1	-1	-1	sb	0.000000	-1	-1	-1	
1698	5	0	1527	1544	-1	-1	-1	-1	-1	-1	Ab	4.000000	-1	-1	-1	-1	-1	-1	-1	-1	-1	-1	-1	-1	-1	-1	-1	sb	0.000000	-1	-1	-1	
1699	5	0	1551	1544	-1	-1	-1	-1	-1	-1	Ab	4.000000	-1	-1	-1	-1	-1	-1	-1	-1	-1	-1	-1	-1	-1	-1	-1	sb	0.000000	-1	-1	-1	
1699	5	0	1551	1544	-1	-1	-1	-1	-1	-1	Ab	4.000000	-1	-1	-1	-1	-1	-1	-1	-1	-1	-1	-1	-1	-1	-1	-1	sm	0.000000	-1	-1	-1	
1704	5	0	1533	1548	-1	-1	-1	-1	-1	-1	Ab	4.000000	-1	-1	-1	-1	-1	-1	-1	-1	-1	-1	-1	-1	-1	-1	-1	sb	0.000000	-1	-1	-1	
1704	5	0	1533	1548	-1	-1	-1	-1	-1	-1	Ab	4.000000	-1	-1	-1	-1	-1	-1	-1	-1	-1	-1	-1	-1	-1	-1	-1	sm	0.000000	-1	-1	-1	
1705	5	0	1557	1554	-1	-1	-1	-1	-1	-1	Ab	4.000000	-1	-1	-1	-1	-1	-1	-1	-1	-1	-1	-1	-1	-1	-1	-1	sb	0.000000	-1	-1	-1	
1705	5	0	1557	1554	-1	-1	-1	-1	-1	-1	Ab	4.000000	-1	-1	-1	-1	-1	-1	-1	-1	-1	-1	-1	-1	-1	-1	-1	sm	0.000000	-1	-1	-1	
1706	5	0	1524	1554	-1	-1	-1	-1	-1	-1	Ab	4.000000	-1	-1	-1	-1	-1	-1	-1	-1	-1	-1	-1	-1	-1	-1	-1	sm	0.000000	-1	-1	-1	
1706	5	0	1524	1554	-1	-1	-1	-1	-1	-1	am	1.000000	-1	-1	-1	-1	-1	-1	-1	-1	-1	-1	-1	-1	-1	-1	-1	sm	0.000000	-1	-1	-1	
1708	5	0	1528	1534	-1	-1	-1	-1	-1	-1	Ab	4.000000	-1	-1	-1	-1	-1	-1	-1	-1	-1	-1	-1	-1	-1	-1	-1	sb	0.000000	-1	-1	-1	
1708	5	0	1528	1534	-1	-1	-1	-1	-1	-1	am	1.000000	-1	-1	-1	-1	-1	-1	-1	-1	-1	-1	-1	-1	-1	-1	-1	sb	0.000000	-1	-1	-1	
1710	5	0	1542	1543	-1	-1	-1	-1	-1	-1	Ab	4.000000	-1	-1	-1	-1	-1	-1	-1	-1	-1	-1	-1	-1	-1	-1	-1	sm	0.000000	-1	-1	-1	
1710	5	0	1542	1543	-1	-1	-1	-1	-1	-1	Ab	4.000000	-1	-1	-1	-1	-1	-1	-1	-1	-1	-1	-1	-1	-1	-1	-1	sm	0.000000	-1	-1	-1	
1713	5	0	1541	1550	-1	-1	-1	-1	-1	-1	Ab	4.000000	-1	-1	-1	-1	-1	-1	-1	-1	-1	-1	-1	-1	-1	-1	-1	sb	0.000000	-1	-1	-1	
1713	5	0	1541	1550	-1	-1	-1	-1	-1	-1	Ab	4.000000	-1	-1	-1	-1	-1	-1	-1	-1	-1	-1	-1	-1	-1	-1	-1	sm	0.000000	-1	-1	-1	
1714	5	0	1546	1556	-1	-1	-1	-1	-1	-1	Ab	4.000000	-1	-1	-1	-1	-1	-1	-1	-1	-1	-1	-1	-1	-1	-1	-1	sm	0.000000	-1	-1	-1	
1714	5	0	1546	1556	-1	-1	-1	-1	-1	-1	Ab	4.000000	-1	-1	-1	-1	-1	-1	-1	-1	-1	-1	-1	-1	-1	-1	-1	sm	0.000000	-1	-1	-1	
1716	5	0	1546	1554	-1	-1	-1	-1	-1	-1	Ab	4.000000	-1	-1	-1	-1	-1	-1	-1	-1	-1	-1	-1	-1	-1	-1	-1	sm	0.000000	-1	-1	-1	
1716	5	0	1546	1554	-1	-1	-1	-1	-1	-1	Ab	4.000000	-1	-1	-1	-1	-1	-1	-1	-1	-1	-1	-1	-1	-1	-1	-1	sb	0.000000	-1	-1	-1	
1718	5	0	1537	1561	-1	-1	-1	-1	-1	-1	Ab	4.000000	-1	-1	-1	-1	-1	-1	-1	-1	-1	-1	-1	-1	-1	-1	-1	sb	0.000000	-1	-1	-1	
1718	5	0	1537	1561	-1	-1	-1	-1	-1	-1	Ab	4.000000	-1	-1	-1	-1	-1	-1	-1	-1	-1	-1	-1	-1	-1	-1	-1	sm	0.000000	-1	-1	-1	
1721	5	0	1527	1566	-1	-1	-1	-1	-1	-1	am	1.000000	-1	-1	-1	-1	-1	-1	-1	-1	-1	-1	-1	-1	-1	-1	-1	sb	0.000000	-1	-1	-1	
1721	5	0	1527	1566	-1	-1	-1	-1	-1	-1	Ab	4.000000	-1	-1	-1	-1	-1	-1	-1	-1	-1	-1	-1	-1	-1	-1	-1	sm	0.000000	-1	-1	-1	
