id	pop	sex	FatherId	MotherId	Sex	incomp	
477	3	1	337	278	1.000000	8.000000	
478	3	1	337	340	1.000000	5.000000	
479	3	1	307	280	1.000000	5.000000	
480	3	1	299	280	1.000000	5.000000	
484	3	1	308	272	1.000000	8.000000	
486	3	1	311	277	1.000000	8.000000	
487	3	1	302	277	1.000000	8.000000	
490	3	1	308	320	1.000000	8.000000	
491	3	1	308	320	1.000000	8.000000	
492	3	1	302	320	1.000000	5.000000	
493	3	1	308	276	1.000000	5.000000	
494	3	1	304	294	1.000000	8.000000	
496	3	1	336	293	1.000000	8.000000	
498	3	1	319	306	1.000000	5.000000	
499	3	1	335	339	1.000000	5.000000	
500	3	1	283	339	1.000000	5.000000	
502	3	1	289	300	1.000000	8.000000	
509	3	1	311	271	1.000000	8.000000	
510	3	1	335	306	1.000000	5.000000	
512	3	1	298	272	1.000000	8.000000	
515	3	1	304	294	1.000000	5.000000	
521	3	1	331	333	1.000000	5.000000	
522	3	1	304	271	1.000000	8.000000	
527	3	1	337	293	1.000000	5.000000	
528	3	1	302	306	1.000000	8.000000	
id	pop	sex	FatherId	MotherId	Sex	incomp	
476	3	0	336	278	0.000000	5.000000	
481	3	0	285	321	0.000000	5.000000	
482	3	0	285	321	0.000000	8.000000	
483	3	0	336	272	0.000000	5.000000	
485	3	0	338	315	0.000000	8.000000	
488	3	0	338	282	0.000000	8.000000	
495	3	0	337	293	0.000000	5.000000	
497	3	0	295	306	0.000000	8.000000	
501	3	0	285	324	0.000000	8.000000	
503	3	0	341	326	0.000000	5.000000	
506	3	0	274	281	0.000000	5.000000	
507	3	0	336	281	0.000000	8.000000	
508	3	0	329	281	0.000000	5.000000	
511	3	0	308	306	0.000000	8.000000	
513	3	0	283	330	0.000000	5.000000	
514	3	0	307	294	0.000000	5.000000	
516	3	0	336	282	0.000000	5.000000	
517	3	0	285	282	0.000000	5.000000	
518	3	0	302	340	0.000000	5.000000	
519	3	0	307	280	0.000000	8.000000	
520	3	0	337	280	0.000000	8.000000	
523	3	0	319	332	0.000000	8.000000	
524	3	0	302	332	0.000000	8.000000	
525	3	0	337	332	0.000000	8.000000	
526	3	0	295	333	0.000000	8.000000	
id	pop	sex	FatherId	MotherId	Sex	incomp	
532	4	1	396	392	1.000000	8.000000	
533	4	1	350	401	1.000000	8.000000	
534	4	1	386	401	1.000000	5.000000	
535	4	1	407	401	1.000000	8.000000	
539	4	1	347	365	1.000000	5.000000	
545	4	1	398	410	1.000000	5.000000	
546	4	1	399	410	1.000000	8.000000	
549	4	1	372	353	1.000000	5.000000	
555	4	1	378	370	1.000000	5.000000	
556	4	1	411	400	1.000000	8.000000	
562	4	1	347	354	1.000000	8.000000	
563	4	1	378	389	1.000000	5.000000	
568	4	1	350	371	1.000000	8.000000	
569	4	1	407	377	1.000000	8.000000	
572	4	1	407	391	1.000000	5.000000	
576	4	1	350	351	1.000000	8.000000	
577	4	1	373	351	1.000000	5.000000	
579	4	1	350	345	1.000000	8.000000	
580	4	1	352	375	1.000000	8.000000	
582	4	1	386	397	1.000000	8.000000	
583	4	1	388	409	1.000000	5.000000	
585	4	1	368	371	1.000000	5.000000	
587	4	1	393	358	1.000000	5.000000	
id	pop	sex	FatherId	MotherId	Sex	incomp	
529	4	0	350	359	0.000000	8.000000	
530	4	0	386	359	0.000000	5.000000	
531	4	0	378	392	0.000000	5.000000	
537	4	0	350	397	0.000000	8.000000	
540	4	0	399	379	0.000000	8.000000	
541	4	0	388	379	0.000000	5.000000	
543	4	0	373	379	0.000000	8.000000	
544	4	0	350	410	0.000000	8.000000	
547	4	0	350	410	0.000000	8.000000	
548	4	0	399	410	0.000000	8.000000	
550	4	0	372	353	0.000000	5.000000	
551	4	0	347	357	0.000000	5.000000	
553	4	0	396	370	0.000000	8.000000	
554	4	0	382	370	0.000000	8.000000	
557	4	0	372	400	0.000000	8.000000	
558	4	0	393	366	0.000000	8.000000	
559	4	0	396	366	0.000000	5.000000	
560	4	0	347	369	0.000000	5.000000	
561	4	0	352	409	0.000000	5.000000	
565	4	0	373	346	0.000000	5.000000	
566	4	0	388	346	0.000000	5.000000	
567	4	0	368	371	0.000000	5.000000	
570	4	0	399	345	0.000000	8.000000	
574	4	0	368	406	0.000000	8.000000	
578	4	0	388	351	0.000000	8.000000	
581	4	0	407	346	0.000000	8.000000	
586	4	0	399	376	0.000000	5.000000	
id	pop	sex	FatherId	MotherId	Sex	incomp	
588	5	1	467	427	1.000000	5.000000	
591	5	1	474	415	1.000000	5.000000	
595	5	1	439	445	1.000000	5.000000	
596	5	1	467	457	1.000000	5.000000	
600	5	1	414	413	1.000000	8.000000	
601	5	1	460	463	1.000000	5.000000	
602	5	1	433	463	1.000000	5.000000	
603	5	1	430	444	1.000000	5.000000	
604	5	1	437	444	1.000000	8.000000	
606	5	1	474	438	1.000000	8.000000	
609	5	1	470	436	1.000000	5.000000	
617	5	1	458	422	1.000000	5.000000	
618	5	1	453	422	1.000000	5.000000	
619	5	1	468	422	1.000000	8.000000	
620	5	1	454	466	1.000000	5.000000	
623	5	1	425	466	1.000000	5.000000	
625	5	1	468	424	1.000000	8.000000	
628	5	1	430	459	1.000000	5.000000	
629	5	1	473	459	1.000000	5.000000	
633	5	1	449	455	1.000000	8.000000	
635	5	1	449	471	1.000000	5.000000	
636	5	1	447	471	1.000000	8.000000	
642	5	1	470	440	1.000000	8.000000	
643	5	1	467	457	1.000000	5.000000	
id	pop	sex	FatherId	MotherId	Sex	incomp	
590	5	0	449	427	0.000000	5.000000	
592	5	0	449	415	0.000000	5.000000	
593	5	0	468	445	0.000000	5.000000	
597	5	0	428	457	0.000000	8.000000	
598	5	0	447	440	0.000000	5.000000	
599	5	0	450	440	0.000000	8.000000	
607	5	0	433	438	0.000000	5.000000	
610	5	0	470	436	0.000000	5.000000	
613	5	0	439	434	0.000000	5.000000	
614	5	0	425	434	0.000000	8.000000	
615	5	0	454	451	0.000000	5.000000	
616	5	0	469	419	0.000000	8.000000	
621	5	0	449	466	0.000000	5.000000	
622	5	0	468	466	0.000000	5.000000	
624	5	0	458	424	0.000000	8.000000	
626	5	0	452	424	0.000000	8.000000	
627	5	0	450	459	0.000000	5.000000	
630	5	0	470	475	0.000000	8.000000	
631	5	0	433	475	0.000000	5.000000	
632	5	0	464	416	0.000000	5.000000	
634	5	0	418	455	0.000000	5.000000	
637	5	0	452	471	0.000000	5.000000	
638	5	0	449	432	0.000000	8.000000	
639	5	0	449	432	0.000000	5.000000	
640	5	0	452	432	0.000000	5.000000	
641	5	0	449	432	0.000000	8.000000	
